s0914007
LOSER
Conquer the continents of EUROPE and SOUTH AMERICA and a third continent of your choice., Turn 1, Turn 2, Turn 3, Turn 4, Turn 5, Turn 6, Turn 7, Turn 8, Turn 9, Turn 10, Turn 11, Turn 12, Turn 13, Turn 14, Turn 15, Turn 16, Turn 17, Turn 18, Turn 19, Turn 20, Turn 21, Turn 22, Turn 23, Turn 24, Turn 25, Turn 26, Turn 27, Turn 28, Turn 29, Turn 30, Turn 31, Turn 32, Turn 33, Turn 34, Turn 35, Turn 36, Turn 37, Turn 38, Turn 39, Turn 40, Turn 41, Turn 42, Turn 43, Turn 44, Turn 45, Turn 46, Turn 47, Turn 48, Turn 49, Turn 50, Turn 51, Turn 52, Turn 53, Turn 54, Turn 55, Turn 56, Turn 57, Turn 58, Turn 59, Turn 60, Turn 61, Turn 62, Turn 63, Turn 64, Turn 65, Turn 66, Turn 67, Turn 68, Turn 69, Turn 70, Turn 71, Turn 72, Turn 73, Turn 74, Turn 75, Turn 76, Turn 77, Turn 78, Turn 79, Turn 80, Turn 81, Turn 82, Turn 83, Turn 84, Turn 85, Turn 86, Turn 87, Turn 88, Turn 89, Turn 90, Turn 91, Turn 92, Turn 93, Turn 94, Turn 95, Turn 96, Turn 97, Turn 98, Turn 99, Turn 100, Turn 101, Turn 102, Turn 103, Turn 104, Turn 105, Turn 106, Turn 107, Turn 108, Turn 109, Turn 110, Turn 111, Turn 112, Turn 113, Turn 114, Turn 115, Turn 116, Turn 117, Turn 118, Turn 119, Turn 120, Turn 121, Turn 122, Turn 123, Turn 124, Turn 125, Turn 126, Turn 127, Turn 128, Turn 129, Turn 130, Turn 131, Turn 132, Turn 133, Turn 134, Turn 135, Turn 136, Turn 137, Turn 138, Turn 139, Turn 140, Turn 141, Turn 142, Turn 143, Turn 144, Turn 145, Turn 146, Turn 147, Turn 148, Turn 149, Turn 150, Turn 151, Turn 152, Turn 153, Turn 154, Turn 155, Turn 156, Turn 157, Turn 158, Turn 159, Turn 160, Turn 161, Turn 162, Turn 163, Turn 164, Turn 165, Turn 166, Turn 167, Turn 168, Turn 169, Turn 170, Turn 171, Turn 172, Turn 173, Turn 174, Turn 175, Turn 176, Turn 177, Turn 178, Turn 179, Turn 180, Turn 181, Turn 182, Turn 183, Turn 184, Turn 185, Turn 186, Turn 187, Turn 188, Turn 189, Turn 190, Turn 191, Turn 192
Occupy-Europe-Australia-Asia, 0.08333333333333333, 0.08249158330244728, 0.08249158330244728, 0.08249158330244728, 0.08249158330244728, 0.08249158330244728, 0.08165000502189981, 0.08165000502189981, 0.08165000502189981, 0.08165000502189981, 0.08165000502189981, 0.08165000502189981, 0.0808087701018826, 0.0808087701018826, 0.0808087701018826, 0.0808087701018826, 0.0808087701018826, 0.0808087701018826, 0.07996804987253649, 0.07996804987253649, 0.07996804987253649, 0.07996804987253649, 0.07996804987253649, 0.07996804987253649, 0.07912801524453272, 0.07912801524453272, 0.07912801524453272, 0.07912801524453272, 0.07912801524453272, 0.07912801524453272, 0.07912801524453272, 0.07828883657038012, 0.07828883657038012, 0.07828883657038012, 0.07828883657038012, 0.07828883657038012, 0.07745068350669673, 0.07745068350669673, 0.07745068350669673, 0.07745068350669673, 0.07745068350669673, 0.07745068350669673, 0.07661372487768198, 0.07661372487768198, 0.07661372487768198, 0.07661372487768198, 0.07661372487768198, 0.07661372487768198, 0.07577812854002117, 0.07577812854002117, 0.07577812854002117, 0.07577812854002117, 0.07577812854002117, 0.07577812854002117, 0.0749440612494507, 0.0749440612494507, 0.0749440612494507, 0.0749440612494507, 0.0749440612494507, 0.0749440612494507, 0.07411168852920688, 0.07411168852920688, 0.07411168852920688, 0.07411168852920688, 0.07411168852920688, 0.07411168852920688, 0.07363846410843483, 0.07363846410843483, 0.07363846410843483, 0.07363846410843483, 0.07363846410843483, 0.07363846410843483, 0.07316177133545303, 0.07316177133545303, 0.07316177133545303, 0.07316177133545303, 0.07316177133545303, 0.07316177133545303, 0.04535724418694105, 0.04535724418694105, 0.04535724418694105, 0.04733028939340949, 0.04733028939340949, 0.04733028939340949, 0.04473931268677197, 0.04473931268677197, 0.04473931268677197, 0.04473931268677197, 0.04473931268677197, 0.04473931268677197, 0.04591624541303036, 0.04591624541303036, 0.04590252908950915, 0.04590252908950915, 0.046133490682702706, 0.046133490682702706, 0.045546852471983514, 0.0457531011388867, 0.0457531011388867, 0.0458697111700135, 0.0458697111700135, 0.0458697111700135, 0.04254440192668976, 0.04254440192668976, 0.04254440192668976, 0.042367410862538216, 0.042367410862538216, 0.042367410862538216, 0.029785562282685914, 0.029785562282685914, 0.02925554595825369, 0.029159977007159714, 0.029159977007159714, 0.029342555067923326, 0.028325393856828685, 0.028325393856828685, 0.028325393856828685, 0.028325393856828685, 0.028325393856828685, 0.028830997101159744, 0.04658276010735741, 0.04658276010735741, 0.046567477977045975, 0.046516040012117475, 0.046516040012117475, 0.046516040012117475, 0.049099729621755996, 0.049099729621755996, 0.047508509628467074, 0.04745805250699283, 0.04745805250699283, 0.04745805250699283, 0.04457677871313268, 0.04457677871313268, 0.04383112641698233, 0.043792203015693525, 0.043792203015693525, 0.008868410724669491, 0.009555207812347742, 0.00941828904987146, 0.00941828904987146, 0.00941828904987146, 0.009949598238751758, 0.009589383378176726, 0.009589383378176726, 0.009589383378176726, 0.009589383378176726, 0.009589383378176726, 0.009589383378176726, 0.009589383378176726, 0.009589383378176726, 0.009589383378176726, 0.009589383378176726, 0.009589383378176726, 0.009589383378176726, 0.009589383378176726, 0.009589383378176726, 0.009589383378176726, 0.009589383378176726, 0.009589383378176726, 0.009589383378176726, 0.009589383378176726, 0.009589383378176726, 0.009589383378176726, 0.009589383378176726, 0.009589383378176726, 0.009589383378176726, 0.009589383378176726, 0.009589383378176726, 0.009589383378176726, 0.009589383378176726, 0.009589383378176726, 0.009589383378176726, 0.009589383378176726, 0.009589383378176726, 0.009589383378176726, 0.009589383378176726, 0.009589383378176726, 0.009589383378176726, 0.009589383378176726, 0.009589383378176726, 0.009589383378176726, 0.009589383378176726, 0.009589383378176726, 0.009589383378176726, 0.009589383378176726, 0.009589383378176726, 0.009589383378176726, 0.009589383378176726, 0.009589383378176726, 0.009589383378176726, 0.009589383378176726
Occupy-Europe-South-America-North-America, 0.08333333333333333, 0.08417508336421936, 0.08417508336421936, 0.08417508336421936, 0.08417508336421936, 0.08417508336421936, 0.08501666164476683, 0.08501666164476683, 0.08501666164476683, 0.08501666164476683, 0.08501666164476683, 0.08501666164476683, 0.08585789656478406, 0.08585789656478406, 0.08585789656478406, 0.08585789656478406, 0.08585789656478406, 0.08585789656478406, 0.08669861679413017, 0.08669861679413017, 0.08669861679413017, 0.08669861679413017, 0.08669861679413017, 0.08669861679413017, 0.08753865142213393, 0.08753865142213393, 0.08753865142213393, 0.08753865142213393, 0.08753865142213393, 0.08753865142213393, 0.08753865142213393, 0.08837783009628655, 0.08837783009628655, 0.08837783009628655, 0.08837783009628655, 0.08837783009628655, 0.08921598315996994, 0.08921598315996994, 0.08921598315996994, 0.08921598315996994, 0.08921598315996994, 0.08921598315996994, 0.09005294178898471, 0.09005294178898471, 0.09005294178898471, 0.09005294178898471, 0.09005294178898471, 0.09005294178898471, 0.09088853812664552, 0.09088853812664552, 0.09088853812664552, 0.09088853812664552, 0.09088853812664552, 0.09088853812664552, 0.09172260541721597, 0.09172260541721597, 0.09172260541721597, 0.09172260541721597, 0.09172260541721597, 0.09172260541721597, 0.09255497813745975, 0.09255497813745975, 0.09255497813745975, 0.09255497813745975, 0.09255497813745975, 0.09255497813745975, 0.09384080227000126, 0.09384080227000126, 0.09384080227000126, 0.09384080227000126, 0.09384080227000126, 0.09384080227000126, 0.09513605045332198, 0.09513605045332198, 0.09513605045332198, 0.09513605045332198, 0.09513605045332198, 0.09513605045332198, 0.11011389214354723, 0.11011389214354723, 0.11011389214354723, 0.10814659898151603, 0.10814659898151603, 0.10814659898151603, 0.11762577479350245, 0.11762577479350245, 0.11762577479350245, 0.11762577479350245, 0.11762577479350245, 0.11762577479350245, 0.11804757322198672, 0.11804757322198672, 0.11805953320159758, 0.11805953320159758, 0.1162804886183172, 0.1162804886183172, 0.1168518870763128, 0.11503340628674537, 0.11503340628674537, 0.11532658967221689, 0.11532658967221689, 0.11532658967221689, 0.11955026596656051, 0.11955026596656051, 0.11955026596656051, 0.11905291901056188, 0.11905291901056188, 0.11905291901056188, 0.12093038323505628, 0.12093038323505628, 0.12120254780118944, 0.12080661602197039, 0.12080661602197039, 0.1215630170875573, 0.12186245290315019, 0.12186245290315019, 0.12186245290315019, 0.12186245290315019, 0.12186245290315019, 0.12160556700079338, 0.10720138021135492, 0.10720138021135492, 0.10720909484538754, 0.10709067276413607, 0.10709067276413607, 0.10709067276413607, 0.10761589208606252, 0.10761589208606252, 0.1084217837008552, 0.10830663272783099, 0.10830663272783099, 0.10830663272783099, 0.11142549869508826, 0.11142549869508826, 0.11179759281183806, 0.11169831307791704, 0.11169831307791704, 0.1342877641965664, 0.1334550824856144, 0.13422731782149622, 0.13422731782149622, 0.13422731782149622, 0.1334604809388371, 0.13393240104726048, 0.13393240104726048, 0.13393240104726048, 0.13393240104726048, 0.13393240104726048, 0.13393240104726048, 0.13393240104726048, 0.13393240104726048, 0.13393240104726048, 0.13393240104726048, 0.13393240104726048, 0.13393240104726048, 0.13393240104726048, 0.13393240104726048, 0.13393240104726048, 0.13393240104726048, 0.13393240104726048, 0.13393240104726048, 0.13393240104726048, 0.13393240104726048, 0.13393240104726048, 0.13393240104726048, 0.13393240104726048, 0.13393240104726048, 0.13393240104726048, 0.13393240104726048, 0.13393240104726048, 0.13393240104726048, 0.13393240104726048, 0.13393240104726048, 0.13393240104726048, 0.13393240104726048, 0.13393240104726048, 0.13393240104726048, 0.13393240104726048, 0.13393240104726048, 0.13393240104726048, 0.13393240104726048, 0.13393240104726048, 0.13393240104726048, 0.13393240104726048, 0.13393240104726048, 0.13393240104726048, 0.13393240104726048, 0.13393240104726048, 0.13393240104726048, 0.13393240104726048, 0.13393240104726048, 0.13393240104726048
Occupy-Europe-South-America-Africa, 0.08333333333333333, 0.08417508336421936, 0.08417508336421936, 0.08417508336421936, 0.08417508336421936, 0.08417508336421936, 0.08501666164476683, 0.08501666164476683, 0.08501666164476683, 0.08501666164476683, 0.08501666164476683, 0.08501666164476683, 0.08585789656478406, 0.08585789656478406, 0.08585789656478406, 0.08585789656478406, 0.08585789656478406, 0.08585789656478406, 0.08669861679413017, 0.08669861679413017, 0.08669861679413017, 0.08669861679413017, 0.08669861679413017, 0.08669861679413017, 0.08753865142213393, 0.08753865142213393, 0.08753865142213393, 0.08753865142213393, 0.08753865142213393, 0.08753865142213393, 0.08753865142213393, 0.08837783009628655, 0.08837783009628655, 0.08837783009628655, 0.08837783009628655, 0.08837783009628655, 0.08921598315996994, 0.08921598315996994, 0.08921598315996994, 0.08921598315996994, 0.08921598315996994, 0.08921598315996994, 0.09005294178898471, 0.09005294178898471, 0.09005294178898471, 0.09005294178898471, 0.09005294178898471, 0.09005294178898471, 0.09088853812664552, 0.09088853812664552, 0.09088853812664552, 0.09088853812664552, 0.09088853812664552, 0.09088853812664552, 0.09172260541721597, 0.09172260541721597, 0.09172260541721597, 0.09172260541721597, 0.09172260541721597, 0.09172260541721597, 0.09255497813745975, 0.09255497813745975, 0.09255497813745975, 0.09255497813745975, 0.09255497813745975, 0.09255497813745975, 0.09196398801447249, 0.09196398801447249, 0.09196398801447249, 0.09196398801447249, 0.09196398801447249, 0.09196398801447249, 0.09136866641193973, 0.09136866641193973, 0.09136866641193973, 0.09136866641193973, 0.09136866641193973, 0.09136866641193973, 0.12512034973474767, 0.12512034973474767, 0.12512034973474767, 0.12288495142421264, 0.12288495142421264, 0.12288495142421264, 0.12810346003291923, 0.12810346003291923, 0.12810346003291923, 0.12810346003291923, 0.12810346003291923, 0.12810346003291923, 0.14004165493902793, 0.14004165493902793, 0.14005584324711448, 0.14005584324711448, 0.14076054343104866, 0.14076054343104866, 0.1563419451246027, 0.15704990442393815, 0.15704990442393815, 0.15745017443378392, 0.15745017443378392, 0.15745017443378392, 0.16608001713135012, 0.16608001713135012, 0.16608001713135012, 0.16538909946333266, 0.16538909946333266, 0.16538909946333266, 0.1988135655565463, 0.1988135655565463, 0.19926101314054934, 0.19861008814851744, 0.19861008814851744, 0.19585656769636417, 0.19633900448094266, 0.19633900448094266, 0.19633900448094266, 0.19633900448094266, 0.19633900448094266, 0.1959251220985323, 0.17271777949856412, 0.17271777949856412, 0.17273020895103133, 0.1725394129101872, 0.1725394129101872, 0.1725394129101872, 0.16672327715527108, 0.16672327715527108, 0.1679717999193879, 0.16779340296315712, 0.16779340296315712, 0.16779340296315712, 0.16959677359456077, 0.16959677359456077, 0.17016312476564208, 0.17001201462699772, 0.17001201462699772, 0.20981577366202103, 0.20851476341404432, 0.20552690758449424, 0.20552690758449424, 0.20552690758449424, 0.2043527381555539, 0.20507533532940325, 0.20507533532940325, 0.20507533532940325, 0.20507533532940325, 0.20507533532940325, 0.20507533532940325, 0.20507533532940325, 0.20507533532940325, 0.20507533532940325, 0.20507533532940325, 0.20507533532940325, 0.20507533532940325, 0.20507533532940325, 0.20507533532940325, 0.20507533532940325, 0.20507533532940325, 0.20507533532940325, 0.20507533532940325, 0.20507533532940325, 0.20507533532940325, 0.20507533532940325, 0.20507533532940325, 0.20507533532940325, 0.20507533532940325, 0.20507533532940325, 0.20507533532940325, 0.20507533532940325, 0.20507533532940325, 0.20507533532940325, 0.20507533532940325, 0.20507533532940325, 0.20507533532940325, 0.20507533532940325, 0.20507533532940325, 0.20507533532940325, 0.20507533532940325, 0.20507533532940325, 0.20507533532940325, 0.20507533532940325, 0.20507533532940325, 0.20507533532940325, 0.20507533532940325, 0.20507533532940325, 0.20507533532940325, 0.20507533532940325, 0.20507533532940325, 0.20507533532940325, 0.20507533532940325, 0.20507533532940325
Occupy-Asia-Africa, 0.08333333333333333, 0.08249158330244728, 0.08249158330244728, 0.08249158330244728, 0.08249158330244728, 0.08249158330244728, 0.08165000502189981, 0.08165000502189981, 0.08165000502189981, 0.08165000502189981, 0.08165000502189981, 0.08165000502189981, 0.0808087701018826, 0.0808087701018826, 0.0808087701018826, 0.0808087701018826, 0.0808087701018826, 0.0808087701018826, 0.07996804987253649, 0.07996804987253649, 0.07996804987253649, 0.07996804987253649, 0.07996804987253649, 0.07996804987253649, 0.07912801524453272, 0.07912801524453272, 0.07912801524453272, 0.07912801524453272, 0.07912801524453272, 0.07912801524453272, 0.07754545644888919, 0.07828883657038012, 0.07828883657038012, 0.07828883657038012, 0.07828883657038012, 0.07828883657038012, 0.07745068350669673, 0.07745068350669673, 0.07745068350669673, 0.07745068350669673, 0.07745068350669673, 0.07745068350669673, 0.07661372487768198, 0.07661372487768198, 0.07661372487768198, 0.07661372487768198, 0.07661372487768198, 0.07661372487768198, 0.07577812854002117, 0.07577812854002117, 0.07577812854002117, 0.07577812854002117, 0.07577812854002117, 0.07577812854002117, 0.0749440612494507, 0.0749440612494507, 0.0749440612494507, 0.0749440612494507, 0.0749440612494507, 0.0749440612494507, 0.07411168852920688, 0.07411168852920688, 0.07411168852920688, 0.07411168852920688, 0.07411168852920688, 0.07411168852920688, 0.07363846410843483, 0.07363846410843483, 0.07363846410843483, 0.07363846410843483, 0.07363846410843483, 0.07363846410843483, 0.07316177133545303, 0.07316177133545303, 0.07316177133545303, 0.07316177133545303, 0.07316177133545303, 0.07316177133545303, 0.04535724418694105, 0.04535724418694105, 0.04535724418694105, 0.04733028939340949, 0.04733028939340949, 0.04733028939340949, 0.04048300736306371, 0.04048300736306371, 0.04048300736306371, 0.04048300736306371, 0.04048300736306371, 0.04048300736306371, 0.032573610512529494, 0.032573610512529494, 0.032563879965616854, 0.032563879965616854, 0.03272772726873074, 0.03272772726873074, 0.022884565241926554, 0.02298819284334445, 0.02298819284334445, 0.02259488512778822, 0.02259488512778822, 0.02259488512778822, 0.016969810900784463, 0.016969810900784463, 0.016969810900784463, 0.017596015510133033, 0.017596015510133033, 0.017596015510133033, 0.005220949395229095, 0.005220949395229095, 0.00512804571316181, 0.0055414895859013024, 0.0055414895859013024, 0.005464662647992874, 0.0044817542811144695, 0.0044817542811144695, 0.0044817542811144695, 0.0044817542811144695, 0.0044817542811144695, 0.004561752798214694, 0.00879813357750758, 0.00879813357750758, 0.008795247225914864, 0.008964828483513366, 0.008964828483513366, 0.008964828483513366, 0.008474007995119546, 0.008474007995119546, 0.008199383042008812, 0.008357831230103979, 0.008357831230103979, 0.008357831230103979, 0.006486594206156794, 0.006486594206156794, 0.006378090541162457, 0.006502475994578094, 0.006502475994578094, 0.0013453515418613655, 0.0014495397159931254, 0.0014579274504173624, 0.0014579274504173624, 0.0014579274504173624, 0.0015709762317138026, 0.001514100670440439, 0.001514100670440439, 0.001514100670440439, 0.001514100670440439, 0.001514100670440439, 0.001514100670440439, 0.001514100670440439, 0.001514100670440439, 0.001514100670440439, 0.001514100670440439, 0.001514100670440439, 0.001514100670440439, 0.001514100670440439, 0.001514100670440439, 0.001514100670440439, 0.001514100670440439, 0.001514100670440439, 0.001514100670440439, 0.001514100670440439, 0.001514100670440439, 0.001514100670440439, 0.001514100670440439, 0.001514100670440439, 0.001514100670440439, 0.001514100670440439, 0.001514100670440439, 0.001514100670440439, 0.001514100670440439, 0.001514100670440439, 0.001514100670440439, 0.001514100670440439, 0.001514100670440439, 0.001514100670440439, 0.001514100670440439, 0.001514100670440439, 0.001514100670440439, 0.001514100670440439, 0.001514100670440439, 0.001514100670440439, 0.001514100670440439, 0.001514100670440439, 0.001514100670440439, 0.001514100670440439, 0.001514100670440439, 0.001514100670440439, 0.001514100670440439, 0.001514100670440439, 0.001514100670440439, 0.001514100670440439
Occupy-Europe-South-America-Australia, 0.08333333333333333, 0.08417508336421936, 0.08417508336421936, 0.08417508336421936, 0.08417508336421936, 0.08417508336421936, 0.08501666164476683, 0.08501666164476683, 0.08501666164476683, 0.08501666164476683, 0.08501666164476683, 0.08501666164476683, 0.08585789656478406, 0.08585789656478406, 0.08585789656478406, 0.08585789656478406, 0.08585789656478406, 0.08585789656478406, 0.08669861679413017, 0.08669861679413017, 0.08669861679413017, 0.08669861679413017, 0.08669861679413017, 0.08669861679413017, 0.08753865142213393, 0.08753865142213393, 0.08753865142213393, 0.08753865142213393, 0.08753865142213393, 0.08753865142213393, 0.08753865142213393, 0.08837783009628655, 0.08837783009628655, 0.08837783009628655, 0.08837783009628655, 0.08837783009628655, 0.08921598315996994, 0.08921598315996994, 0.08921598315996994, 0.08921598315996994, 0.08921598315996994, 0.08921598315996994, 0.09005294178898471, 0.09005294178898471, 0.09005294178898471, 0.09005294178898471, 0.09005294178898471, 0.09005294178898471, 0.09088853812664552, 0.09088853812664552, 0.09088853812664552, 0.09088853812664552, 0.09088853812664552, 0.09088853812664552, 0.09172260541721597, 0.09172260541721597, 0.09172260541721597, 0.09172260541721597, 0.09172260541721597, 0.09172260541721597, 0.09255497813745975, 0.09255497813745975, 0.09255497813745975, 0.09255497813745975, 0.09255497813745975, 0.09255497813745975, 0.09196398801447249, 0.09196398801447249, 0.09196398801447249, 0.09196398801447249, 0.09196398801447249, 0.09196398801447249, 0.09136866641193973, 0.09136866641193973, 0.09136866641193973, 0.09136866641193973, 0.09136866641193973, 0.09136866641193973, 0.1291890395674333, 0.1291890395674333, 0.1291890395674333, 0.1268809501047607, 0.1268809501047607, 0.1268809501047607, 0.13226915527332378, 0.13226915527332378, 0.13226915527332378, 0.13226915527332378, 0.13226915527332378, 0.13226915527332378, 0.14459555891077058, 0.14459555891077058, 0.14461020859724183, 0.14461020859724183, 0.14533782436988354, 0.14533782436988354, 0.16142590535888357, 0.16215688622752625, 0.16215688622752625, 0.16257017230168802, 0.16257017230168802, 0.16257017230168802, 0.17148064203806693, 0.17148064203806693, 0.17148064203806693, 0.1707672569640916, 0.1707672569640916, 0.1707672569640916, 0.1976934026543648, 0.1976934026543648, 0.19813832921228558, 0.1974910716864356, 0.1974910716864356, 0.19872761370695172, 0.20290632846650244, 0.20290632846650244, 0.20290632846650244, 0.20290632846650244, 0.20290632846650244, 0.20247860217312602, 0.19266802046704617, 0.19266802046704617, 0.19268188561752056, 0.19246905115653393, 0.19246905115653393, 0.19246905115653393, 0.1934130032480752, 0.1934130032480752, 0.19486139450784232, 0.19465443905648816, 0.19465443905648816, 0.19465443905648816, 0.20025983080451204, 0.20025983080451204, 0.20092857813556572, 0.20075014731900956, 0.20075014731900956, 0.25383027355168136, 0.25225634142363546, 0.253716018019831, 0.253716018019831, 0.253716018019831, 0.25226654556149186, 0.25315856733974035, 0.25315856733974035, 0.25315856733974035, 0.25315856733974035, 0.25315856733974035, 0.25315856733974035, 0.25315856733974035, 0.25315856733974035, 0.25315856733974035, 0.25315856733974035, 0.25315856733974035, 0.25315856733974035, 0.25315856733974035, 0.25315856733974035, 0.25315856733974035, 0.25315856733974035, 0.25315856733974035, 0.25315856733974035, 0.25315856733974035, 0.25315856733974035, 0.25315856733974035, 0.25315856733974035, 0.25315856733974035, 0.25315856733974035, 0.25315856733974035, 0.25315856733974035, 0.25315856733974035, 0.25315856733974035, 0.25315856733974035, 0.25315856733974035, 0.25315856733974035, 0.25315856733974035, 0.25315856733974035, 0.25315856733974035, 0.25315856733974035, 0.25315856733974035, 0.25315856733974035, 0.25315856733974035, 0.25315856733974035, 0.25315856733974035, 0.25315856733974035, 0.25315856733974035, 0.25315856733974035, 0.25315856733974035, 0.25315856733974035, 0.25315856733974035, 0.25315856733974035, 0.25315856733974035, 0.25315856733974035
Occupy-Europe-Australia-South-America, 0.08333333333333333, 0.08417508336421936, 0.08417508336421936, 0.08417508336421936, 0.08417508336421936, 0.08417508336421936, 0.08501666164476683, 0.08501666164476683, 0.08501666164476683, 0.08501666164476683, 0.08501666164476683, 0.08501666164476683, 0.08585789656478406, 0.08585789656478406, 0.08585789656478406, 0.08585789656478406, 0.08585789656478406, 0.08585789656478406, 0.08669861679413017, 0.08669861679413017, 0.08669861679413017, 0.08669861679413017, 0.08669861679413017, 0.08669861679413017, 0.08753865142213393, 0.08753865142213393, 0.08753865142213393, 0.08753865142213393, 0.08753865142213393, 0.08753865142213393, 0.08753865142213393, 0.08837783009628655, 0.08837783009628655, 0.08837783009628655, 0.08837783009628655, 0.08837783009628655, 0.08921598315996994, 0.08921598315996994, 0.08921598315996994, 0.08921598315996994, 0.08921598315996994, 0.08921598315996994, 0.09005294178898471, 0.09005294178898471, 0.09005294178898471, 0.09005294178898471, 0.09005294178898471, 0.09005294178898471, 0.09088853812664552, 0.09088853812664552, 0.09088853812664552, 0.09088853812664552, 0.09088853812664552, 0.09088853812664552, 0.09172260541721597, 0.09172260541721597, 0.09172260541721597, 0.09172260541721597, 0.09172260541721597, 0.09172260541721597, 0.09255497813745975, 0.09255497813745975, 0.09255497813745975, 0.09255497813745975, 0.09255497813745975, 0.09255497813745975, 0.09196398801447249, 0.09196398801447249, 0.09196398801447249, 0.09196398801447249, 0.09196398801447249, 0.09196398801447249, 0.09136866641193973, 0.09136866641193973, 0.09136866641193973, 0.09136866641193973, 0.09136866641193973, 0.09136866641193973, 0.1291890395674333, 0.1291890395674333, 0.1291890395674333, 0.1268809501047607, 0.1268809501047607, 0.1268809501047607, 0.13226915527332378, 0.13226915527332378, 0.13226915527332378, 0.13226915527332378, 0.13226915527332378, 0.13226915527332378, 0.14459555891077058, 0.14459555891077058, 0.14461020859724183, 0.14461020859724183, 0.14533782436988354, 0.14533782436988354, 0.16142590535888357, 0.16215688622752625, 0.16215688622752625, 0.16257017230168802, 0.16257017230168802, 0.16257017230168802, 0.17148064203806693, 0.17148064203806693, 0.17148064203806693, 0.1707672569640916, 0.1707672569640916, 0.1707672569640916, 0.1976934026543648, 0.1976934026543648, 0.19813832921228558, 0.1974910716864356, 0.1974910716864356, 0.19872761370695172, 0.20290632846650244, 0.20290632846650244, 0.20290632846650244, 0.20290632846650244, 0.20290632846650244, 0.20247860217312602, 0.19266802046704617, 0.19266802046704617, 0.19268188561752056, 0.19246905115653393, 0.19246905115653393, 0.19246905115653393, 0.1934130032480752, 0.1934130032480752, 0.19486139450784232, 0.19465443905648816, 0.19465443905648816, 0.19465443905648816, 0.20025983080451204, 0.20025983080451204, 0.20092857813556572, 0.20075014731900956, 0.20075014731900956, 0.25383027355168136, 0.25225634142363546, 0.253716018019831, 0.253716018019831, 0.253716018019831, 0.25226654556149186, 0.25315856733974035, 0.25315856733974035, 0.25315856733974035, 0.25315856733974035, 0.25315856733974035, 0.25315856733974035, 0.25315856733974035, 0.25315856733974035, 0.25315856733974035, 0.25315856733974035, 0.25315856733974035, 0.25315856733974035, 0.25315856733974035, 0.25315856733974035, 0.25315856733974035, 0.25315856733974035, 0.25315856733974035, 0.25315856733974035, 0.25315856733974035, 0.25315856733974035, 0.25315856733974035, 0.25315856733974035, 0.25315856733974035, 0.25315856733974035, 0.25315856733974035, 0.25315856733974035, 0.25315856733974035, 0.25315856733974035, 0.25315856733974035, 0.25315856733974035, 0.25315856733974035, 0.25315856733974035, 0.25315856733974035, 0.25315856733974035, 0.25315856733974035, 0.25315856733974035, 0.25315856733974035, 0.25315856733974035, 0.25315856733974035, 0.25315856733974035, 0.25315856733974035, 0.25315856733974035, 0.25315856733974035, 0.25315856733974035, 0.25315856733974035, 0.25315856733974035, 0.25315856733974035, 0.25315856733974035, 0.25315856733974035
Occupy-North-America-Australia, 0.08333333333333333, 0.08249158330244728, 0.08249158330244728, 0.08249158330244728, 0.08249158330244728, 0.08249158330244728, 0.08165000502189981, 0.08165000502189981, 0.08165000502189981, 0.08165000502189981, 0.08165000502189981, 0.08165000502189981, 0.0808087701018826, 0.0808087701018826, 0.0808087701018826, 0.0808087701018826, 0.0808087701018826, 0.0808087701018826, 0.07996804987253649, 0.07996804987253649, 0.07996804987253649, 0.07996804987253649, 0.07996804987253649, 0.07996804987253649, 0.07912801524453272, 0.07912801524453272, 0.07912801524453272, 0.07912801524453272, 0.07912801524453272, 0.07912801524453272, 0.07912801524453272, 0.07828883657038012, 0.07828883657038012, 0.07828883657038012, 0.07828883657038012, 0.07828883657038012, 0.07745068350669673, 0.07745068350669673, 0.07745068350669673, 0.07745068350669673, 0.07745068350669673, 0.07745068350669673, 0.07661372487768198, 0.07661372487768198, 0.07661372487768198, 0.07661372487768198, 0.07661372487768198, 0.07661372487768198, 0.07577812854002117, 0.07577812854002117, 0.07577812854002117, 0.07577812854002117, 0.07577812854002117, 0.07577812854002117, 0.0749440612494507, 0.0749440612494507, 0.0749440612494507, 0.0749440612494507, 0.0749440612494507, 0.0749440612494507, 0.07411168852920688, 0.07411168852920688, 0.07411168852920688, 0.07411168852920688, 0.07411168852920688, 0.07411168852920688, 0.07514128844411071, 0.07514128844411071, 0.07514128844411071, 0.07514128844411071, 0.07514128844411071, 0.07514128844411071, 0.07617843449354006, 0.07617843449354006, 0.07617843449354006, 0.07617843449354006, 0.07617843449354006, 0.07617843449354006, 0.04944961713030611, 0.04944961713030611, 0.04944961713030611, 0.05160068101854694, 0.05160068101854694, 0.05160068101854694, 0.05077392261672599, 0.05077392261672599, 0.05077392261672599, 0.05077392261672599, 0.05077392261672599, 0.05077392261672599, 0.04012784654635282, 0.04012784654635282, 0.04013191209563455, 0.04013191209563455, 0.0395271624503136, 0.0395271624503136, 0.028281776006852576, 0.027841647330712982, 0.027841647330712982, 0.027365301287177186, 0.027365301287177186, 0.027365301287177186, 0.023420422404142924, 0.023420422404142924, 0.023420422404142924, 0.02428466164334899, 0.02428466164334899, 0.02428466164334899, 0.011316710737616696, 0.011316710737616696, 0.011342180000059793, 0.012256632617456959, 0.012256632617456959, 0.012333374523468678, 0.010774691726896614, 0.010774691726896614, 0.010774691726896614, 0.010774691726896614, 0.010774691726896614, 0.010751978689854105, 0.012497515585918132, 0.012497515585918132, 0.012498414956419446, 0.012739397031380629, 0.012739397031380629, 0.012739397031380629, 0.012163556342672908, 0.012163556342672908, 0.012254644265400709, 0.012491457958535339, 0.012491457958535339, 0.012491457958535339, 0.011047497098782121, 0.011047497098782121, 0.011084389091399681, 0.01130055672873112, 0.01130055672873112, 0.005257783790371737, 0.005664962788613702, 0.0059326767679375985, 0.0059326767679375985, 0.0059326767679375985, 0.006019166890625302, 0.0060404508382902585, 0.0060404508382902585, 0.0060404508382902585, 0.0060404508382902585, 0.0060404508382902585, 0.0060404508382902585, 0.0060404508382902585, 0.0060404508382902585, 0.0060404508382902585, 0.0060404508382902585, 0.0060404508382902585, 0.0060404508382902585, 0.0060404508382902585, 0.0060404508382902585, 0.0060404508382902585, 0.0060404508382902585, 0.0060404508382902585, 0.0060404508382902585, 0.0060404508382902585, 0.0060404508382902585, 0.0060404508382902585, 0.0060404508382902585, 0.0060404508382902585, 0.0060404508382902585, 0.0060404508382902585, 0.0060404508382902585, 0.0060404508382902585, 0.0060404508382902585, 0.0060404508382902585, 0.0060404508382902585, 0.0060404508382902585, 0.0060404508382902585, 0.0060404508382902585, 0.0060404508382902585, 0.0060404508382902585, 0.0060404508382902585, 0.0060404508382902585, 0.0060404508382902585, 0.0060404508382902585, 0.0060404508382902585, 0.0060404508382902585, 0.0060404508382902585, 0.0060404508382902585, 0.0060404508382902585, 0.0060404508382902585, 0.0060404508382902585, 0.0060404508382902585, 0.0060404508382902585, 0.0060404508382902585
Occupy-Europe-Australia-Africa, 0.08333333333333333, 0.08249158330244728, 0.08249158330244728, 0.08249158330244728, 0.08249158330244728, 0.08249158330244728, 0.08165000502189981, 0.08165000502189981, 0.08165000502189981, 0.08165000502189981, 0.08165000502189981, 0.08165000502189981, 0.0808087701018826, 0.0808087701018826, 0.0808087701018826, 0.0808087701018826, 0.0808087701018826, 0.0808087701018826, 0.07996804987253649, 0.07996804987253649, 0.07996804987253649, 0.07996804987253649, 0.07996804987253649, 0.07996804987253649, 0.07912801524453272, 0.07912801524453272, 0.07912801524453272, 0.07912801524453272, 0.07912801524453272, 0.07912801524453272, 0.07912801524453272, 0.07828883657038012, 0.07828883657038012, 0.07828883657038012, 0.07828883657038012, 0.07828883657038012, 0.07745068350669673, 0.07745068350669673, 0.07745068350669673, 0.07745068350669673, 0.07745068350669673, 0.07745068350669673, 0.07661372487768198, 0.07661372487768198, 0.07661372487768198, 0.07661372487768198, 0.07661372487768198, 0.07661372487768198, 0.07577812854002117, 0.07577812854002117, 0.07577812854002117, 0.07577812854002117, 0.07577812854002117, 0.07577812854002117, 0.0749440612494507, 0.0749440612494507, 0.0749440612494507, 0.0749440612494507, 0.0749440612494507, 0.0749440612494507, 0.07411168852920688, 0.07411168852920688, 0.07411168852920688, 0.07411168852920688, 0.07411168852920688, 0.07411168852920688, 0.07363846410843483, 0.07363846410843483, 0.07363846410843483, 0.07363846410843483, 0.07363846410843483, 0.07363846410843483, 0.07316177133545303, 0.07316177133545303, 0.07316177133545303, 0.07316177133545303, 0.07316177133545303, 0.07316177133545303, 0.056518707737540405, 0.056518707737540405, 0.056518707737540405, 0.058977277859608164, 0.058977277859608164, 0.058977277859608164, 0.06148184354207303, 0.06148184354207303, 0.06148184354207303, 0.06148184354207303, 0.06148184354207303, 0.06148184354207303, 0.06721144859101968, 0.06721144859101968, 0.0672182581130863, 0.0672182581130863, 0.06755647119836579, 0.06755647119836579, 0.07503459318541522, 0.07537437044720591, 0.07537437044720591, 0.07556647562620417, 0.07556647562620417, 0.07556647562620417, 0.07970827350104787, 0.07970827350104787, 0.07970827350104787, 0.0793766751823562, 0.0793766751823562, 0.0793766751823562, 0.09541837924165492, 0.09541837924165492, 0.09563312677732556, 0.0953207225026288, 0.0953207225026288, 0.09399920071402385, 0.09423074093082028, 0.09423074093082028, 0.09423074093082028, 0.09423074093082028, 0.09423074093082028, 0.09403210264366055, 0.08289399438029378, 0.08289399438029378, 0.08289995975899399, 0.08280838930235987, 0.08280838930235987, 0.08280838930235987, 0.08001699905879173, 0.08001699905879173, 0.08061621379680443, 0.0805305941441538, 0.0805305941441538, 0.0805305941441538, 0.08139610199991226, 0.08139610199991226, 0.08166791600151177, 0.08159539235617567, 0.08159539235617567, 0.03348416839820142, 0.03607728570559473, 0.03556032601101541, 0.03556032601101541, 0.03556032601101541, 0.035357170871009626, 0.0354821948465986, 0.0354821948465986, 0.0354821948465986, 0.0354821948465986, 0.0354821948465986, 0.0354821948465986, 0.0354821948465986, 0.0354821948465986, 0.0354821948465986, 0.0354821948465986, 0.0354821948465986, 0.0354821948465986, 0.0354821948465986, 0.0354821948465986, 0.0354821948465986, 0.0354821948465986, 0.0354821948465986, 0.0354821948465986, 0.0354821948465986, 0.0354821948465986, 0.0354821948465986, 0.0354821948465986, 0.0354821948465986, 0.0354821948465986, 0.0354821948465986, 0.0354821948465986, 0.0354821948465986, 0.0354821948465986, 0.0354821948465986, 0.0354821948465986, 0.0354821948465986, 0.0354821948465986, 0.0354821948465986, 0.0354821948465986, 0.0354821948465986, 0.0354821948465986, 0.0354821948465986, 0.0354821948465986, 0.0354821948465986, 0.0354821948465986, 0.0354821948465986, 0.0354821948465986, 0.0354821948465986, 0.0354821948465986, 0.0354821948465986, 0.0354821948465986, 0.0354821948465986, 0.0354821948465986, 0.0354821948465986
Occupy-Europe-Australia-North-America, 0.08333333333333333, 0.08249158330244728, 0.08249158330244728, 0.08249158330244728, 0.08249158330244728, 0.08249158330244728, 0.08165000502189981, 0.08165000502189981, 0.08165000502189981, 0.08165000502189981, 0.08165000502189981, 0.08165000502189981, 0.0808087701018826, 0.0808087701018826, 0.0808087701018826, 0.0808087701018826, 0.0808087701018826, 0.0808087701018826, 0.07996804987253649, 0.07996804987253649, 0.07996804987253649, 0.07996804987253649, 0.07996804987253649, 0.07996804987253649, 0.07912801524453272, 0.07912801524453272, 0.07912801524453272, 0.07912801524453272, 0.07912801524453272, 0.07912801524453272, 0.07754545644888919, 0.07828883657038012, 0.07828883657038012, 0.07828883657038012, 0.07828883657038012, 0.07828883657038012, 0.07745068350669673, 0.07745068350669673, 0.07745068350669673, 0.07745068350669673, 0.07745068350669673, 0.07745068350669673, 0.07661372487768198, 0.07661372487768198, 0.07661372487768198, 0.07661372487768198, 0.07661372487768198, 0.07661372487768198, 0.07577812854002117, 0.07577812854002117, 0.07577812854002117, 0.07577812854002117, 0.07577812854002117, 0.07577812854002117, 0.0749440612494507, 0.0749440612494507, 0.0749440612494507, 0.0749440612494507, 0.0749440612494507, 0.0749440612494507, 0.07411168852920688, 0.07411168852920688, 0.07411168852920688, 0.07411168852920688, 0.07411168852920688, 0.07411168852920688, 0.07514128844411071, 0.07514128844411071, 0.07514128844411071, 0.07514128844411071, 0.07514128844411071, 0.07514128844411071, 0.07617843449354006, 0.07617843449354006, 0.07617843449354006, 0.07617843449354006, 0.07617843449354006, 0.07617843449354006, 0.047227449418355376, 0.047227449418355376, 0.047227449418355376, 0.04928184876203166, 0.04928184876203166, 0.04928184876203166, 0.053601460410982966, 0.053601460410982966, 0.053601460410982966, 0.053601460410982966, 0.053601460410982966, 0.053601460410982966, 0.05379367178476993, 0.05379367178476993, 0.05379912188594676, 0.05379912188594676, 0.05298842042219458, 0.05298842042219458, 0.05324880375976592, 0.05242013141970057, 0.05242013141970057, 0.05255373358008674, 0.05255373358008674, 0.05255373358008674, 0.05447844113740158, 0.05447844113740158, 0.05447844113740158, 0.05425180268830924, 0.05425180268830924, 0.05425180268830924, 0.05510735347621219, 0.05510735347621219, 0.05523137746876374, 0.05505095339396791, 0.05505095339396791, 0.05539564146801511, 0.05553209282864001, 0.05553209282864001, 0.05553209282864001, 0.05553209282864001, 0.05553209282864001, 0.0554150312445655, 0.04885111743144146, 0.04885111743144146, 0.04885463295047979, 0.048800668617312755, 0.048800668617312755, 0.048800668617312755, 0.049040008360160356, 0.049040008360160356, 0.049407249022861095, 0.049354775316883995, 0.049354775316883995, 0.049354775316883995, 0.050776026492186245, 0.050776026492186245, 0.050945587866835104, 0.050900346602862793, 0.050900346602862793, 0.02133753870801497, 0.0229899835369539, 0.02312301464620739, 0.02312301464620739, 0.02312301464620739, 0.022990913515403614, 0.02307221004844933, 0.02307221004844933, 0.02307221004844933, 0.02307221004844933, 0.02307221004844933, 0.02307221004844933, 0.02307221004844933, 0.02307221004844933, 0.02307221004844933, 0.02307221004844933, 0.02307221004844933, 0.02307221004844933, 0.02307221004844933, 0.02307221004844933, 0.02307221004844933, 0.02307221004844933, 0.02307221004844933, 0.02307221004844933, 0.02307221004844933, 0.02307221004844933, 0.02307221004844933, 0.02307221004844933, 0.02307221004844933, 0.02307221004844933, 0.02307221004844933, 0.02307221004844933, 0.02307221004844933, 0.02307221004844933, 0.02307221004844933, 0.02307221004844933, 0.02307221004844933, 0.02307221004844933, 0.02307221004844933, 0.02307221004844933, 0.02307221004844933, 0.02307221004844933, 0.02307221004844933, 0.02307221004844933, 0.02307221004844933, 0.02307221004844933, 0.02307221004844933, 0.02307221004844933, 0.02307221004844933, 0.02307221004844933, 0.02307221004844933, 0.02307221004844933, 0.02307221004844933, 0.02307221004844933, 0.02307221004844933
Occupy-Asia-South-America, 0.08333333333333333, 0.08417508336421936, 0.08417508336421936, 0.08417508336421936, 0.08417508336421936, 0.08417508336421936, 0.08501666164476683, 0.08501666164476683, 0.08501666164476683, 0.08501666164476683, 0.08501666164476683, 0.08501666164476683, 0.08585789656478406, 0.08585789656478406, 0.08585789656478406, 0.08585789656478406, 0.08585789656478406, 0.08585789656478406, 0.08669861679413017, 0.08669861679413017, 0.08669861679413017, 0.08669861679413017, 0.08669861679413017, 0.08669861679413017, 0.08753865142213393, 0.08753865142213393, 0.08753865142213393, 0.08753865142213393, 0.08753865142213393, 0.08753865142213393, 0.08753865142213393, 0.08837783009628655, 0.08837783009628655, 0.08837783009628655, 0.08837783009628655, 0.08837783009628655, 0.08921598315996994, 0.08921598315996994, 0.08921598315996994, 0.08921598315996994, 0.08921598315996994, 0.08921598315996994, 0.09005294178898471, 0.09005294178898471, 0.09005294178898471, 0.09005294178898471, 0.09005294178898471, 0.09005294178898471, 0.09088853812664552, 0.09088853812664552, 0.09088853812664552, 0.09088853812664552, 0.09088853812664552, 0.09088853812664552, 0.09172260541721597, 0.09172260541721597, 0.09172260541721597, 0.09172260541721597, 0.09172260541721597, 0.09172260541721597, 0.09255497813745975, 0.09255497813745975, 0.09255497813745975, 0.09255497813745975, 0.09255497813745975, 0.09255497813745975, 0.09196398801447249, 0.09196398801447249, 0.09196398801447249, 0.09196398801447249, 0.09196398801447249, 0.09196398801447249, 0.09136866641193973, 0.09136866641193973, 0.09136866641193973, 0.09136866641193973, 0.09136866641193973, 0.09136866641193973, 0.10949658077723497, 0.10949658077723497, 0.10949658077723497, 0.10754031649090828, 0.10754031649090828, 0.10754031649090828, 0.09198243831008251, 0.09198243831008251, 0.09198243831008251, 0.09198243831008251, 0.09198243831008251, 0.09198243831008251, 0.0740113028815913, 0.0740113028815913, 0.07398919386624347, 0.07398919386624347, 0.07436147535995229, 0.07436147535995229, 0.05199658443703291, 0.05223203926303332, 0.05223203926303332, 0.0513383951135614, 0.0513383951135614, 0.0513383951135614, 0.03855752539124215, 0.03855752539124215, 0.03855752539124215, 0.039980340310408646, 0.039980340310408646, 0.039980340310408646, 0.011907391684731964, 0.011907391684731964, 0.011695506748183862, 0.012638446003036683, 0.012638446003036683, 0.012717578540134826, 0.010656857044183074, 0.010656857044183074, 0.010656857044183074, 0.010656857044183074, 0.010656857044183074, 0.010847080047723494, 0.02229277989432691, 0.02229277989432691, 0.02228546643401318, 0.02271515275515648, 0.02271515275515648, 0.02271515275515648, 0.02237976468742849, 0.02237976468742849, 0.02165448311683592, 0.022072943090765792, 0.022072943090765792, 0.022072943090765792, 0.017529422034153946, 0.017529422034153946, 0.01723620089598981, 0.017572341101240008, 0.017572341101240008, 0.012068062772735397, 0.011993232014940009, 0.012308806523113879, 0.012308806523113879, 0.012308806523113879, 0.013263240556339163, 0.012783058720537298, 0.012783058720537298, 0.012783058720537298, 0.012783058720537298, 0.012783058720537298, 0.012783058720537298, 0.012783058720537298, 0.012783058720537298, 0.012783058720537298, 0.012783058720537298, 0.012783058720537298, 0.012783058720537298, 0.012783058720537298, 0.012783058720537298, 0.012783058720537298, 0.012783058720537298, 0.012783058720537298, 0.012783058720537298, 0.012783058720537298, 0.012783058720537298, 0.012783058720537298, 0.012783058720537298, 0.012783058720537298, 0.012783058720537298, 0.012783058720537298, 0.012783058720537298, 0.012783058720537298, 0.012783058720537298, 0.012783058720537298, 0.012783058720537298, 0.012783058720537298, 0.012783058720537298, 0.012783058720537298, 0.012783058720537298, 0.012783058720537298, 0.012783058720537298, 0.012783058720537298, 0.012783058720537298, 0.012783058720537298, 0.012783058720537298, 0.012783058720537298, 0.012783058720537298, 0.012783058720537298, 0.012783058720537298, 0.012783058720537298, 0.012783058720537298, 0.012783058720537298, 0.012783058720537298, 0.012783058720537298
Occupy-Europe-South-America-Asia, 0.08333333333333333, 0.08417508336421936, 0.08417508336421936, 0.08417508336421936, 0.08417508336421936, 0.08417508336421936, 0.08501666164476683, 0.08501666164476683, 0.08501666164476683, 0.08501666164476683, 0.08501666164476683, 0.08501666164476683, 0.08585789656478406, 0.08585789656478406, 0.08585789656478406, 0.08585789656478406, 0.08585789656478406, 0.08585789656478406, 0.08669861679413017, 0.08669861679413017, 0.08669861679413017, 0.08669861679413017, 0.08669861679413017, 0.08669861679413017, 0.08753865142213393, 0.08753865142213393, 0.08753865142213393, 0.08753865142213393, 0.08753865142213393, 0.08753865142213393, 0.08753865142213393, 0.08837783009628655, 0.08837783009628655, 0.08837783009628655, 0.08837783009628655, 0.08837783009628655, 0.08921598315996994, 0.08921598315996994, 0.08921598315996994, 0.08921598315996994, 0.08921598315996994, 0.08921598315996994, 0.09005294178898471, 0.09005294178898471, 0.09005294178898471, 0.09005294178898471, 0.09005294178898471, 0.09005294178898471, 0.09088853812664552, 0.09088853812664552, 0.09088853812664552, 0.09088853812664552, 0.09088853812664552, 0.09088853812664552, 0.09172260541721597, 0.09172260541721597, 0.09172260541721597, 0.09172260541721597, 0.09172260541721597, 0.09172260541721597, 0.09255497813745975, 0.09255497813745975, 0.09255497813745975, 0.09255497813745975, 0.09255497813745975, 0.09255497813745975, 0.09196398801447249, 0.09196398801447249, 0.09196398801447249, 0.09196398801447249, 0.09196398801447249, 0.09196398801447249, 0.09136866641193973, 0.09136866641193973, 0.09136866641193973, 0.09136866641193973, 0.09136866641193973, 0.09136866641193973, 0.10575338613116421, 0.10575338613116421, 0.10575338613116421, 0.1038639977048041, 0.1038639977048041, 0.1038639977048041, 0.09817822645429342, 0.09817822645429342, 0.09817822645429342, 0.09817822645429342, 0.09817822645429342, 0.09817822645429342, 0.10076094757316813, 0.10076094757316813, 0.10073084777422364, 0.10073084777422364, 0.10123768165782746, 0.10123768165782746, 0.09995033288915135, 0.10040293546860726, 0.10040293546860726, 0.10065883046017682, 0.10065883046017682, 0.10065883046017682, 0.09336160248961568, 0.09336160248961568, 0.09336160248961568, 0.09297320428380697, 0.09297320428380697, 0.09297320428380697, 0.06536295493253344, 0.06536295493253344, 0.06419986011503159, 0.06399013874116534, 0.06399013874116534, 0.06439079733690044, 0.06215868696849732, 0.06215868696849732, 0.06215868696849732, 0.06215868696849732, 0.06215868696849732, 0.06326820847960085, 0.10222358136579918, 0.10222358136579918, 0.10219004548068344, 0.10207716739056938, 0.10207716739056938, 0.10207716739056938, 0.10774694746427392, 0.10774694746427392, 0.10425509326585415, 0.10414436758857312, 0.10414436758857312, 0.10414436758857312, 0.09782155362424369, 0.09782155362424369, 0.09618525624747915, 0.09609984075321669, 0.09609984075321669, 0.06203533176089774, 0.06165066762936504, 0.0607672610846386, 0.0607672610846386, 0.0607672610846386, 0.06419529392865045, 0.061871170049756716, 0.061871170049756716, 0.061871170049756716, 0.061871170049756716, 0.061871170049756716, 0.061871170049756716, 0.061871170049756716, 0.061871170049756716, 0.061871170049756716, 0.061871170049756716, 0.061871170049756716, 0.061871170049756716, 0.061871170049756716, 0.061871170049756716, 0.061871170049756716, 0.061871170049756716, 0.061871170049756716, 0.061871170049756716, 0.061871170049756716, 0.061871170049756716, 0.061871170049756716, 0.061871170049756716, 0.061871170049756716, 0.061871170049756716, 0.061871170049756716, 0.061871170049756716, 0.061871170049756716, 0.061871170049756716, 0.061871170049756716, 0.061871170049756716, 0.061871170049756716, 0.061871170049756716, 0.061871170049756716, 0.061871170049756716, 0.061871170049756716, 0.061871170049756716, 0.061871170049756716, 0.061871170049756716, 0.061871170049756716, 0.061871170049756716, 0.061871170049756716, 0.061871170049756716, 0.061871170049756716, 0.061871170049756716, 0.061871170049756716, 0.061871170049756716, 0.061871170049756716, 0.061871170049756716, 0.061871170049756716
Occupy-North-America-Africa, 0.08333333333333333, 0.08249158330244728, 0.08249158330244728, 0.08249158330244728, 0.08249158330244728, 0.08249158330244728, 0.08165000502189981, 0.08165000502189981, 0.08165000502189981, 0.08165000502189981, 0.08165000502189981, 0.08165000502189981, 0.0808087701018826, 0.0808087701018826, 0.0808087701018826, 0.0808087701018826, 0.0808087701018826, 0.0808087701018826, 0.07996804987253649, 0.07996804987253649, 0.07996804987253649, 0.07996804987253649, 0.07996804987253649, 0.07996804987253649, 0.07912801524453272, 0.07912801524453272, 0.07912801524453272, 0.07912801524453272, 0.07912801524453272, 0.07912801524453272, 0.07912801524453272, 0.07828883657038012, 0.07828883657038012, 0.07828883657038012, 0.07828883657038012, 0.07828883657038012, 0.07745068350669673, 0.07745068350669673, 0.07745068350669673, 0.07745068350669673, 0.07745068350669673, 0.07745068350669673, 0.07661372487768198, 0.07661372487768198, 0.07661372487768198, 0.07661372487768198, 0.07661372487768198, 0.07661372487768198, 0.07577812854002117, 0.07577812854002117, 0.07577812854002117, 0.07577812854002117, 0.07577812854002117, 0.07577812854002117, 0.0749440612494507, 0.0749440612494507, 0.0749440612494507, 0.0749440612494507, 0.0749440612494507, 0.0749440612494507, 0.07411168852920688, 0.07411168852920688, 0.07411168852920688, 0.07411168852920688, 0.07411168852920688, 0.07411168852920688, 0.07514128844411071, 0.07514128844411071, 0.07514128844411071, 0.07514128844411071, 0.07514128844411071, 0.07514128844411071, 0.07617843449354006, 0.07617843449354006, 0.07617843449354006, 0.07617843449354006, 0.07617843449354006, 0.07617843449354006, 0.047227449418355376, 0.047227449418355376, 0.047227449418355376, 0.04928184876203166, 0.04928184876203166, 0.04928184876203166, 0.04849224324293717, 0.04849224324293717, 0.04849224324293717, 0.04849224324293717, 0.04849224324293717, 0.04849224324293717, 0.038324580714982626, 0.038324580714982626, 0.038328463566543534, 0.038328463566543534, 0.03775089017077988, 0.03775089017077988, 0.02701084908918927, 0.02659049892277289, 0.02659049892277289, 0.026135558925614994, 0.026135558925614994, 0.026135558925614994, 0.022367955075031136, 0.022367955075031136, 0.022367955075031136, 0.023193357117020814, 0.023193357117020814, 0.023193357117020814, 0.010749944149003654, 0.010749944149003654, 0.010774137852909996, 0.011642792605324389, 0.011642792605324389, 0.011481377503716023, 0.00982566804592178, 0.00982566804592178, 0.00982566804592178, 0.00982566804592178, 0.00982566804592178, 0.009804955549643364, 0.010604917013344142, 0.010604917013344142, 0.010605680184989348, 0.010810168420198784, 0.010810168420198784, 0.010810168420198784, 0.009913810732312994, 0.009913810732312994, 0.009988051225839949, 0.010181064360026727, 0.010181064360026727, 0.010181064360026727, 0.0088240919327591, 0.0088240919327591, 0.008853559090028225, 0.009026221104568173, 0.009026221104568173, 0.0038392673412976407, 0.004136592049262123, 0.004245437021145906, 0.004245437021145906, 0.004245437021145906, 0.0043073295501315145, 0.004322560391606188, 0.004322560391606188, 0.004322560391606188, 0.004322560391606188, 0.004322560391606188, 0.004322560391606188, 0.004322560391606188, 0.004322560391606188, 0.004322560391606188, 0.004322560391606188, 0.004322560391606188, 0.004322560391606188, 0.004322560391606188, 0.004322560391606188, 0.004322560391606188, 0.004322560391606188, 0.004322560391606188, 0.004322560391606188, 0.004322560391606188, 0.004322560391606188, 0.004322560391606188, 0.004322560391606188, 0.004322560391606188, 0.004322560391606188, 0.004322560391606188, 0.004322560391606188, 0.004322560391606188, 0.004322560391606188, 0.004322560391606188, 0.004322560391606188, 0.004322560391606188, 0.004322560391606188, 0.004322560391606188, 0.004322560391606188, 0.004322560391606188, 0.004322560391606188, 0.004322560391606188, 0.004322560391606188, 0.004322560391606188, 0.004322560391606188, 0.004322560391606188, 0.004322560391606188, 0.004322560391606188, 0.004322560391606188, 0.004322560391606188, 0.004322560391606188, 0.004322560391606188, 0.004322560391606188, 0.004322560391606188
bob
LOSER
Conquer the continents of NORTH AMERICA and AUSTRALIA., Turn 1, Turn 2, Turn 3, Turn 4, Turn 5, Turn 6, Turn 7, Turn 8, Turn 9, Turn 10, Turn 11, Turn 12, Turn 13, Turn 14, Turn 15, Turn 16, Turn 17, Turn 18, Turn 19, Turn 20, Turn 21, Turn 22, Turn 23, Turn 24, Turn 25, Turn 26, Turn 27, Turn 28, Turn 29, Turn 30, Turn 31, Turn 32, Turn 33, Turn 34, Turn 35, Turn 36, Turn 37, Turn 38, Turn 39, Turn 40, Turn 41, Turn 42, Turn 43, Turn 44, Turn 45, Turn 46, Turn 47, Turn 48, Turn 49, Turn 50, Turn 51, Turn 52, Turn 53, Turn 54, Turn 55, Turn 56, Turn 57, Turn 58, Turn 59, Turn 60, Turn 61, Turn 62, Turn 63, Turn 64, Turn 65, Turn 66, Turn 67, Turn 68, Turn 69, Turn 70, Turn 71, Turn 72, Turn 73, Turn 74, Turn 75, Turn 76, Turn 77, Turn 78, Turn 79, Turn 80, Turn 81, Turn 82, Turn 83, Turn 84, Turn 85, Turn 86, Turn 87, Turn 88, Turn 89, Turn 90, Turn 91, Turn 92, Turn 93, Turn 94, Turn 95, Turn 96, Turn 97, Turn 98, Turn 99, Turn 100, Turn 101, Turn 102, Turn 103, Turn 104, Turn 105, Turn 106, Turn 107, Turn 108, Turn 109, Turn 110, Turn 111, Turn 112, Turn 113, Turn 114, Turn 115, Turn 116, Turn 117, Turn 118, Turn 119, Turn 120, Turn 121, Turn 122, Turn 123, Turn 124, Turn 125, Turn 126, Turn 127, Turn 128, Turn 129, Turn 130, Turn 131, Turn 132, Turn 133, Turn 134, Turn 135, Turn 136, Turn 137, Turn 138, Turn 139, Turn 140, Turn 141, Turn 142, Turn 143, Turn 144, Turn 145, Turn 146, Turn 147, Turn 148, Turn 149, Turn 150, Turn 151, Turn 152, Turn 153, Turn 154, Turn 155, Turn 156, Turn 157, Turn 158, Turn 159, Turn 160, Turn 161, Turn 162, Turn 163, Turn 164, Turn 165, Turn 166, Turn 167, Turn 168, Turn 169, Turn 170, Turn 171, Turn 172, Turn 173, Turn 174, Turn 175, Turn 176, Turn 177, Turn 178, Turn 179, Turn 180, Turn 181, Turn 182, Turn 183, Turn 184, Turn 185, Turn 186, Turn 187, Turn 188, Turn 189, Turn 190, Turn 191, Turn 192
Occupy-Europe-Australia-Asia, 0.08333333333333333, 0.08333333333333333, 0.08417508336421936, 0.08417508336421936, 0.08417508336421936, 0.08417508336421936, 0.08417508336421936, 0.08501666164476683, 0.08501666164476683, 0.08501666164476683, 0.08501666164476683, 0.08501666164476683, 0.08501666164476683, 0.08585789656478406, 0.08585789656478406, 0.08585789656478406, 0.08585789656478406, 0.08585789656478406, 0.08585789656478406, 0.08669861679413017, 0.08669861679413017, 0.08669861679413017, 0.08669861679413017, 0.08669861679413017, 0.08669861679413017, 0.08753865142213393, 0.08753865142213393, 0.08753865142213393, 0.08753865142213393, 0.08753865142213393, 0.08753865142213393, 0.08837783009628655, 0.08837783009628655, 0.08837783009628655, 0.08837783009628655, 0.08837783009628655, 0.08837783009628655, 0.08921598315996994, 0.08921598315996994, 0.08921598315996994, 0.08921598315996994, 0.08921598315996994, 0.08921598315996994, 0.09005294178898471, 0.09005294178898471, 0.09005294178898471, 0.09005294178898471, 0.09005294178898471, 0.09005294178898471, 0.0908885381266455, 0.0908885381266455, 0.0908885381266455, 0.0908885381266455, 0.0908885381266455, 0.0908885381266455, 0.09172260541721595, 0.09172260541721595, 0.09172260541721595, 0.09172260541721595, 0.09172260541721595, 0.09172260541721595, 0.09110285868233996, 0.09110285868233996, 0.09110285868233996, 0.09110285868233996, 0.09110285868233996, 0.09110285868233996, 0.09047903802041314, 0.09047903802041314, 0.09047903802041314, 0.09047903802041314, 0.09047903802041314, 0.09047903802041314, 0.0898512316748131, 0.0898512316748131, 0.0898512316748131, 0.0898512316748131, 0.0898512316748131, 0.0898512316748131, 0.10227863525208114, 0.10227863525208114, 0.10174204439076141, 0.10172788609267612, 0.10172788609267612, 0.10172788609267612, 0.1121518960181746, 0.1121518960181746, 0.1121518960181746, 0.11082531919957928, 0.11082531919957928, 0.11082531919957928, 0.10673364202676311, 0.10673364202676311, 0.10673364202676311, 0.10673364202676311, 0.10673364202676311, 0.10673364202676311, 0.10392985921098868, 0.10392985921098868, 0.10392985921098868, 0.10392985921098868, 0.10392985921098868, 0.10328266184841378, 0.09670816616457321, 0.09670816616457321, 0.09670816616457321, 0.09670816616457321, 0.09670816616457321, 0.09670816616457321, 0.07244723511120668, 0.07244723511120668, 0.07244723511120668, 0.07244723511120668, 0.07172387412966062, 0.07172387412966062, 0.0675560454219004, 0.06827569968265138, 0.06827569968265138, 0.06873674034469797, 0.06873674034469797, 0.06873674034469797, 0.06133479159020286, 0.06133479159020286, 0.06064928631410455, 0.0599656788033028, 0.0599656788033028, 0.0599656788033028, 0.052485438924712594, 0.052485438924712594, 0.052485438924712594, 0.052835202857372796, 0.053823869207463834, 0.053823869207463834, 0.05000104567105248, 0.05000104567105248, 0.05000104567105248, 0.05000104567105248, 0.05000104567105248, 0.03864739588565668, 0.03864739588565668, 0.03864739588565668, 0.03864739588565668, 0.03864739588565668, 0.04519730079816925, 0.04585268336809416, 0.04585268336809416, 0.04585268336809416, 0.054274104138985035, 0.05005090867191478, 0.05005090867191478, 0.049560457557574454, 0.05080574631894053, 0.048186525783438024, 0.050266276385681756, 0.050266276385681756, 0.051451543599083494, 0.051451543599083494, 0.051451543599083494, 0.051451543599083494, 0.04315609371842042, 0.04235158046848441, 0.04296082282382074, 0.04296082282382074, 0.034048335209946885, 0.033406441406221656, 0.03446191536499111, 0.03446191536499111, 0.02389255746724878, 0.02437236339696035, 0.02437236339696035, 0.024377453116669973, 0.02372017006285145, 0.02372017006285145, 0.02372017006285145, 0.0244438288707796, 0.01279643285579769, 0.012444120021605248, 0.012444120021605248, 0.012474100666889313, 0.011769926108885054, 0.011769926108885054, 0.011769926108885054, 0.011769926108885054, 0.011238274549663762, 0.011662981245145795, 0.011906013213970439, 0.011906013213970439, 0.011601813890274456, 0.011601813890274456, 0.011941973962676525, 0.011941973962676525, 0.011941973962676525
Occupy-Europe-South-America-North-America, 0.08333333333333333, 0.08333333333333333, 0.08249158330244728, 0.08249158330244728, 0.08249158330244728, 0.08249158330244728, 0.08249158330244728, 0.08165000502189981, 0.08165000502189981, 0.08165000502189981, 0.08165000502189981, 0.08165000502189981, 0.08165000502189981, 0.0808087701018826, 0.0808087701018826, 0.0808087701018826, 0.0808087701018826, 0.0808087701018826, 0.0808087701018826, 0.07996804987253649, 0.07996804987253649, 0.07996804987253649, 0.07996804987253649, 0.07996804987253649, 0.07996804987253649, 0.07912801524453272, 0.07912801524453272, 0.07912801524453272, 0.07912801524453272, 0.07912801524453272, 0.07912801524453272, 0.07828883657038012, 0.07828883657038012, 0.07828883657038012, 0.07828883657038012, 0.07828883657038012, 0.07828883657038012, 0.07745068350669673, 0.07745068350669673, 0.07745068350669673, 0.07745068350669673, 0.07745068350669673, 0.07745068350669673, 0.07661372487768198, 0.07661372487768198, 0.07661372487768198, 0.07661372487768198, 0.07661372487768198, 0.07661372487768198, 0.07577812854002115, 0.07577812854002115, 0.07577812854002115, 0.07577812854002115, 0.07577812854002115, 0.07577812854002115, 0.0749440612494507, 0.0749440612494507, 0.0749440612494507, 0.0749440612494507, 0.0749440612494507, 0.0749440612494507, 0.07595681785500996, 0.07595681785500996, 0.07595681785500996, 0.07595681785500996, 0.07595681785500996, 0.07595681785500996, 0.0769762318518858, 0.0769762318518858, 0.0769762318518858, 0.0769762318518858, 0.0769762318518858, 0.0769762318518858, 0.07800215903752176, 0.07800215903752176, 0.07800215903752176, 0.07800215903752176, 0.07800215903752176, 0.07800215903752176, 0.053479248604127096, 0.053479248604127096, 0.052134704519616375, 0.052148308801826464, 0.052148308801826464, 0.052148308801826464, 0.038234763883866395, 0.038234763883866395, 0.038234763883866395, 0.03934038583909315, 0.03934038583909315, 0.03934038583909315, 0.04109391817160508, 0.04109391817160508, 0.04109391817160508, 0.04109391817160508, 0.04109391817160508, 0.04109391817160508, 0.0425323368395625, 0.0425323368395625, 0.0425323368395625, 0.0425323368395625, 0.0425323368395625, 0.04226747728490045, 0.04558969175940826, 0.04558969175940826, 0.04558969175940826, 0.04558969175940826, 0.04558969175940826, 0.04558969175940826, 0.05488382660767559, 0.05488382660767559, 0.05488382660767559, 0.05488382660767559, 0.05542254585070825, 0.05542254585070825, 0.0583521726775562, 0.05779430635434305, 0.05779430635434305, 0.05702087973556448, 0.05702087973556448, 0.05702087973556448, 0.06040484504310669, 0.06040484504310669, 0.06092432679489252, 0.06144237040393146, 0.06144237040393146, 0.06144237040393146, 0.06987769671927634, 0.06987769671927634, 0.06987769671927634, 0.0689364970606603, 0.06741851196336451, 0.06741851196336451, 0.06928833183495373, 0.06928833183495373, 0.06928833183495373, 0.06928833183495373, 0.06928833183495373, 0.08680858587753469, 0.08680858587753469, 0.08680858587753469, 0.08680858587753469, 0.08680858587753469, 0.08301490334649898, 0.08085125017699965, 0.08085125017699965, 0.08085125017699965, 0.03050304427842598, 0.029887131580005978, 0.029887131580005978, 0.031443387215376734, 0.016454410899503117, 0.01691285903812861, 0.01660528681710413, 0.01660528681710413, 0.013041597519151824, 0.013041597519151824, 0.013041597519151824, 0.013041597519151824, 0.011968393089802465, 0.01198497837950414, 0.011675954450633798, 0.011675954450633798, 0.010208896017890002, 0.010220850348072059, 0.00992371945442033, 0.00992371945442033, 0.015244486519700746, 0.014934819375989276, 0.014934819375989276, 0.015236696718102058, 0.014856544872505815, 0.014856544872505815, 0.014856544872505815, 0.014409453427150365, 0.022758993171466933, 0.024484875142144872, 0.024484875142144872, 0.0245438646371985, 0.02639359593774259, 0.02639359593774259, 0.02639359593774259, 0.02639359593774259, 0.027868930352190804, 0.02667685181686058, 0.026143863986624293, 0.026143863986624293, 0.027067681480234723, 0.027067681480234723, 0.026222828532197432, 0.026222828532197432, 0.026222828532197432
Occupy-Asia-Africa, 0.08333333333333333, 0.08333333333333333, 0.08249158330244728, 0.08249158330244728, 0.08249158330244728, 0.08249158330244728, 0.08249158330244728, 0.08165000502189981, 0.08165000502189981, 0.08165000502189981, 0.08165000502189981, 0.08165000502189981, 0.08165000502189981, 0.0808087701018826, 0.0808087701018826, 0.0808087701018826, 0.0808087701018826, 0.0808087701018826, 0.0808087701018826, 0.07996804987253649, 0.07996804987253649, 0.07996804987253649, 0.07996804987253649, 0.07996804987253649, 0.07996804987253649, 0.07912801524453272, 0.07912801524453272, 0.07912801524453272, 0.07912801524453272, 0.07912801524453272, 0.07912801524453272, 0.07828883657038012, 0.07828883657038012, 0.07828883657038012, 0.07828883657038012, 0.07828883657038012, 0.07828883657038012, 0.07745068350669673, 0.07745068350669673, 0.07745068350669673, 0.07745068350669673, 0.07745068350669673, 0.07745068350669673, 0.07661372487768198, 0.07661372487768198, 0.07661372487768198, 0.07661372487768198, 0.07661372487768198, 0.07661372487768198, 0.07577812854002115, 0.07577812854002115, 0.07577812854002115, 0.07577812854002115, 0.07577812854002115, 0.07577812854002115, 0.0749440612494507, 0.0749440612494507, 0.0749440612494507, 0.0749440612494507, 0.0749440612494507, 0.0749440612494507, 0.0744376829466711, 0.0744376829466711, 0.0744376829466711, 0.0744376829466711, 0.0744376829466711, 0.0744376829466711, 0.07392797594823317, 0.07392797594823317, 0.07392797594823317, 0.07392797594823317, 0.07392797594823317, 0.07392797594823317, 0.07341501235541517, 0.07341501235541517, 0.07341501235541517, 0.07341501235541517, 0.07341501235541517, 0.07341501235541517, 0.059915995929782265, 0.059915995929782265, 0.06205919672804347, 0.062075390755300344, 0.062075390755300344, 0.062075390755300344, 0.05520997068491942, 0.05520997068491942, 0.05520997068491942, 0.05680645905142479, 0.05680645905142479, 0.05680645905142479, 0.056988709696795585, 0.056988709696795585, 0.056988709696795585, 0.056988709696795585, 0.056988709696795585, 0.056988709696795585, 0.05664775266969164, 0.05664775266969164, 0.05664775266969164, 0.05664775266969164, 0.05664775266969164, 0.057443869159396144, 0.054907826507919096, 0.054907826507919096, 0.054907826507919096, 0.054907826507919096, 0.054907826507919096, 0.054907826507919096, 0.04605106174948882, 0.04605106174948882, 0.04605106174948882, 0.04605106174948882, 0.045591257573701915, 0.045591257573701915, 0.044266373766219294, 0.04473793015010626, 0.04473793015010626, 0.045040028920691845, 0.045040028920691845, 0.045040028920691845, 0.041445805363724185, 0.041445805363724185, 0.04098258836220894, 0.0405206537390807, 0.0405206537390807, 0.0405206537390807, 0.036204901089967906, 0.036204901089967906, 0.036204901089967906, 0.03644617121833561, 0.03712816165509982, 0.03712816165509982, 0.0352097110766031, 0.0352097110766031, 0.0352097110766031, 0.0352097110766031, 0.0352097110766031, 0.028360461632564712, 0.028360461632564712, 0.028360461632564712, 0.028360461632564712, 0.028360461632564712, 0.033817284152536646, 0.03430765101525576, 0.03430765101525576, 0.03430765101525576, 0.020916781788791014, 0.01928919788966465, 0.01928919788966465, 0.020293607524534206, 0.014809532184895443, 0.014332700817819895, 0.014951306178405685, 0.014951306178405685, 0.01028720318691255, 0.01028720318691255, 0.01028720318691255, 0.01028720318691255, 0.012763160010498726, 0.012525229965057266, 0.012964703621046068, 0.012964703621046068, 0.014437227540082493, 0.014165050740723358, 0.014612594434458335, 0.014612594434458335, 0.009467671979807408, 0.009464644205040014, 0.009464644205040014, 0.009091742895173158, 0.010831384280998281, 0.010831384280998281, 0.010831384280998281, 0.010938593529675631, 0.005180609656966918, 0.005462001349605335, 0.005462001349605335, 0.005365657416332136, 0.004911890796043111, 0.004911890796043111, 0.004911890796043111, 0.004911890796043111, 0.004596218640368807, 0.004769914773332773, 0.004869309752551427, 0.004869309752551427, 0.004744898607781797, 0.004744898607781797, 0.00488401694472707, 0.00488401694472707, 0.00488401694472707
Occupy-Europe-South-America-Africa, 0.08333333333333333, 0.08333333333333333, 0.08249158330244728, 0.08249158330244728, 0.08249158330244728, 0.08249158330244728, 0.08249158330244728, 0.08165000502189981, 0.08165000502189981, 0.08165000502189981, 0.08165000502189981, 0.08165000502189981, 0.08165000502189981, 0.0808087701018826, 0.0808087701018826, 0.0808087701018826, 0.0808087701018826, 0.0808087701018826, 0.0808087701018826, 0.07996804987253649, 0.07996804987253649, 0.07996804987253649, 0.07996804987253649, 0.07996804987253649, 0.07996804987253649, 0.07912801524453272, 0.07912801524453272, 0.07912801524453272, 0.07912801524453272, 0.07912801524453272, 0.07912801524453272, 0.07828883657038012, 0.07828883657038012, 0.07828883657038012, 0.07828883657038012, 0.07828883657038012, 0.07828883657038012, 0.07745068350669673, 0.07745068350669673, 0.07745068350669673, 0.07745068350669673, 0.07745068350669673, 0.07745068350669673, 0.07661372487768198, 0.07661372487768198, 0.07661372487768198, 0.07661372487768198, 0.07661372487768198, 0.07661372487768198, 0.07577812854002115, 0.07577812854002115, 0.07577812854002115, 0.07577812854002115, 0.07577812854002115, 0.07577812854002115, 0.0749440612494507, 0.0749440612494507, 0.0749440612494507, 0.0749440612494507, 0.0749440612494507, 0.0749440612494507, 0.0744376829466711, 0.0744376829466711, 0.0744376829466711, 0.0744376829466711, 0.0744376829466711, 0.0744376829466711, 0.07392797594823317, 0.07392797594823317, 0.07392797594823317, 0.07392797594823317, 0.07392797594823317, 0.07392797594823317, 0.07341501235541517, 0.07341501235541517, 0.07341501235541517, 0.07341501235541517, 0.07341501235541517, 0.07341501235541517, 0.05929830525009379, 0.05929830525009379, 0.05898720480755733, 0.05900259721436927, 0.05900259721436927, 0.05900259721436927, 0.05088680946541933, 0.05088680946541933, 0.05088680946541933, 0.05235828641627213, 0.05235828641627213, 0.05235828641627213, 0.05042521546385348, 0.05042521546385348, 0.05042521546385348, 0.05042521546385348, 0.05042521546385348, 0.05042521546385348, 0.04910059700322019, 0.04910059700322019, 0.04910059700322019, 0.04910059700322019, 0.04910059700322019, 0.04879483524117619, 0.04664063175254894, 0.04664063175254894, 0.04664063175254894, 0.04664063175254894, 0.04664063175254894, 0.04664063175254894, 0.037537049579635585, 0.037537049579635585, 0.037537049579635585, 0.037537049579635585, 0.03716225491719486, 0.03716225491719486, 0.03608917502288787, 0.036473622164664904, 0.036473622164664904, 0.03598551750445032, 0.03598551750445032, 0.03598551750445032, 0.03309337126719017, 0.03309337126719017, 0.032723504833810736, 0.0323546623454046, 0.0323546623454046, 0.0323546623454046, 0.03396663904703972, 0.03396663904703972, 0.03396663904703972, 0.033509134140948714, 0.03345344329167758, 0.03345344329167758, 0.03172486921812629, 0.03172486921812629, 0.03172486921812629, 0.03172486921812629, 0.03172486921812629, 0.0318877200863355, 0.0318877200863355, 0.0318877200863355, 0.0318877200863355, 0.0318877200863355, 0.028652583667427414, 0.027916965807435218, 0.027916965807435218, 0.027916965807435218, 0.01177667396163208, 0.0115388812032466, 0.0115388812032466, 0.012139723370061944, 0.00691679312030588, 0.006970104887437941, 0.007270937528963084, 0.007270937528963084, 0.006270886119052858, 0.006270886119052858, 0.006270886119052858, 0.006270886119052858, 0.012068982112538965, 0.012085706794226714, 0.012259563929940886, 0.012259563929940886, 0.017570968144746537, 0.01759154325438157, 0.018147346716767366, 0.018147346716767366, 0.023166504915367613, 0.02224199688951862, 0.02224199688951862, 0.02179298864417853, 0.02587207883840775, 0.02587207883840775, 0.02587207883840775, 0.02459161770316173, 0.021297191720597988, 0.022912220950569953, 0.022912220950569953, 0.02250807357946723, 0.021454180001737013, 0.021454180001737013, 0.021454180001737013, 0.021454180001737013, 0.020075385657443247, 0.01921667181273219, 0.019617106786152833, 0.019617106786152833, 0.02087072674253722, 0.02087072674253722, 0.021052994721219326, 0.021052994721219326, 0.021052994721219326
Occupy-Europe-South-America-Australia, 0.08333333333333333, 0.08333333333333333, 0.08417508336421936, 0.08417508336421936, 0.08417508336421936, 0.08417508336421936, 0.08417508336421936, 0.08501666164476683, 0.08501666164476683, 0.08501666164476683, 0.08501666164476683, 0.08501666164476683, 0.08501666164476683, 0.08585789656478406, 0.08585789656478406, 0.08585789656478406, 0.08585789656478406, 0.08585789656478406, 0.08585789656478406, 0.08669861679413017, 0.08669861679413017, 0.08669861679413017, 0.08669861679413017, 0.08669861679413017, 0.08669861679413017, 0.08753865142213393, 0.08753865142213393, 0.08753865142213393, 0.08753865142213393, 0.08753865142213393, 0.08753865142213393, 0.08837783009628655, 0.08837783009628655, 0.08837783009628655, 0.08837783009628655, 0.08837783009628655, 0.08837783009628655, 0.08921598315996994, 0.08921598315996994, 0.08921598315996994, 0.08921598315996994, 0.08921598315996994, 0.08921598315996994, 0.09005294178898471, 0.09005294178898471, 0.09005294178898471, 0.09005294178898471, 0.09005294178898471, 0.09005294178898471, 0.0908885381266455, 0.0908885381266455, 0.0908885381266455, 0.0908885381266455, 0.0908885381266455, 0.0908885381266455, 0.09172260541721595, 0.09172260541721595, 0.09172260541721595, 0.09172260541721595, 0.09172260541721595, 0.09172260541721595, 0.09110285868233996, 0.09110285868233996, 0.09110285868233996, 0.09110285868233996, 0.09110285868233996, 0.09110285868233996, 0.09047903802041314, 0.09047903802041314, 0.09047903802041314, 0.09047903802041314, 0.09047903802041314, 0.09047903802041314, 0.0898512316748131, 0.0898512316748131, 0.0898512316748131, 0.0898512316748131, 0.0898512316748131, 0.0898512316748131, 0.1096740899407461, 0.1096740899407461, 0.10909869983859312, 0.1090835177973605, 0.1090835177973605, 0.1090835177973605, 0.12361399398115239, 0.12361399398115239, 0.12361399398115239, 0.1221518389513096, 0.1221518389513096, 0.1221518389513096, 0.11764198601639932, 0.11764198601639932, 0.11764198601639932, 0.11764198601639932, 0.11764198601639932, 0.11764198601639932, 0.11455165224212739, 0.11455165224212739, 0.11455165224212739, 0.11455165224212739, 0.11455165224212739, 0.11383831030389582, 0.1088125553447082, 0.1088125553447082, 0.1088125553447082, 0.1088125553447082, 0.1088125553447082, 0.1088125553447082, 0.08757390565658306, 0.08757390565658306, 0.08757390565658306, 0.08757390565658306, 0.08669951001876018, 0.08669951001876018, 0.08419601551190903, 0.08509293037604874, 0.08509293037604874, 0.08395418260703495, 0.08395418260703495, 0.08395418260703495, 0.07720680782496715, 0.07720680782496715, 0.07634390974147261, 0.07548340052075479, 0.07548340052075479, 0.07548340052075479, 0.0807979475168888, 0.0807979475168888, 0.0807979475168888, 0.07970966034959305, 0.07957718606179705, 0.07957718606179705, 0.0754653504138711, 0.0754653504138711, 0.0754653504138711, 0.0754653504138711, 0.0754653504138711, 0.08207777348896873, 0.08207777348896873, 0.08207777348896873, 0.08207777348896873, 0.08207777348896873, 0.07849083548826592, 0.07647568526303453, 0.07647568526303453, 0.07647568526303453, 0.07668719573184532, 0.07513873987195366, 0.07513873987195366, 0.07440245196673514, 0.07473221950977989, 0.07380206135148343, 0.076987389180105, 0.076987389180105, 0.08973004828021058, 0.08973004828021058, 0.08973004828021058, 0.08973004828021058, 0.10516360217780053, 0.10530933342134371, 0.10682424515835107, 0.10682424515835107, 0.1059106399475631, 0.10603465832893436, 0.10938481524125858, 0.10938481524125858, 0.17108845226392205, 0.16761306644058738, 0.16761306644058738, 0.17100102753516913, 0.18826726868175317, 0.18826726868175317, 0.18826726868175317, 0.18260157144256384, 0.21433646897050337, 0.2126891112755109, 0.2126891112755109, 0.21320152651980806, 0.20946073997983813, 0.20946073997983813, 0.20946073997983813, 0.20946073997983813, 0.1999993272253552, 0.19144446336610807, 0.19543376283204072, 0.19543376283204072, 0.2079228453409088, 0.2079228453409088, 0.2097386746222572, 0.2097386746222572, 0.2097386746222572
Occupy-Europe-Australia-South-America, 0.08333333333333333, 0.08333333333333333, 0.08417508336421936, 0.08417508336421936, 0.08417508336421936, 0.08417508336421936, 0.08417508336421936, 0.08501666164476683, 0.08501666164476683, 0.08501666164476683, 0.08501666164476683, 0.08501666164476683, 0.08501666164476683, 0.08585789656478406, 0.08585789656478406, 0.08585789656478406, 0.08585789656478406, 0.08585789656478406, 0.08585789656478406, 0.08669861679413017, 0.08669861679413017, 0.08669861679413017, 0.08669861679413017, 0.08669861679413017, 0.08669861679413017, 0.08753865142213393, 0.08753865142213393, 0.08753865142213393, 0.08753865142213393, 0.08753865142213393, 0.08753865142213393, 0.08837783009628655, 0.08837783009628655, 0.08837783009628655, 0.08837783009628655, 0.08837783009628655, 0.08837783009628655, 0.08921598315996994, 0.08921598315996994, 0.08921598315996994, 0.08921598315996994, 0.08921598315996994, 0.08921598315996994, 0.09005294178898471, 0.09005294178898471, 0.09005294178898471, 0.09005294178898471, 0.09005294178898471, 0.09005294178898471, 0.0908885381266455, 0.0908885381266455, 0.0908885381266455, 0.0908885381266455, 0.0908885381266455, 0.0908885381266455, 0.09172260541721595, 0.09172260541721595, 0.09172260541721595, 0.09172260541721595, 0.09172260541721595, 0.09172260541721595, 0.09110285868233996, 0.09110285868233996, 0.09110285868233996, 0.09110285868233996, 0.09110285868233996, 0.09110285868233996, 0.09047903802041314, 0.09047903802041314, 0.09047903802041314, 0.09047903802041314, 0.09047903802041314, 0.09047903802041314, 0.0898512316748131, 0.0898512316748131, 0.0898512316748131, 0.0898512316748131, 0.0898512316748131, 0.0898512316748131, 0.1096740899407461, 0.1096740899407461, 0.10909869983859312, 0.1090835177973605, 0.1090835177973605, 0.1090835177973605, 0.12361399398115239, 0.12361399398115239, 0.12361399398115239, 0.1221518389513096, 0.1221518389513096, 0.1221518389513096, 0.11764198601639932, 0.11764198601639932, 0.11764198601639932, 0.11764198601639932, 0.11764198601639932, 0.11764198601639932, 0.11455165224212739, 0.11455165224212739, 0.11455165224212739, 0.11455165224212739, 0.11455165224212739, 0.11383831030389582, 0.1088125553447082, 0.1088125553447082, 0.1088125553447082, 0.1088125553447082, 0.1088125553447082, 0.1088125553447082, 0.08757390565658306, 0.08757390565658306, 0.08757390565658306, 0.08757390565658306, 0.08669951001876018, 0.08669951001876018, 0.08419601551190903, 0.08509293037604874, 0.08509293037604874, 0.08395418260703495, 0.08395418260703495, 0.08395418260703495, 0.07720680782496715, 0.07720680782496715, 0.07634390974147261, 0.07548340052075479, 0.07548340052075479, 0.07548340052075479, 0.0807979475168888, 0.0807979475168888, 0.0807979475168888, 0.07970966034959305, 0.07957718606179705, 0.07957718606179705, 0.0754653504138711, 0.0754653504138711, 0.0754653504138711, 0.0754653504138711, 0.0754653504138711, 0.08207777348896873, 0.08207777348896873, 0.08207777348896873, 0.08207777348896873, 0.08207777348896873, 0.07849083548826592, 0.07647568526303453, 0.07647568526303453, 0.07647568526303453, 0.07668719573184532, 0.07513873987195366, 0.07513873987195366, 0.07440245196673514, 0.07473221950977989, 0.07380206135148343, 0.076987389180105, 0.076987389180105, 0.08973004828021058, 0.08973004828021058, 0.08973004828021058, 0.08973004828021058, 0.10516360217780053, 0.10530933342134371, 0.10682424515835107, 0.10682424515835107, 0.1059106399475631, 0.10603465832893436, 0.10938481524125858, 0.10938481524125858, 0.17108845226392205, 0.16761306644058738, 0.16761306644058738, 0.17100102753516913, 0.18826726868175317, 0.18826726868175317, 0.18826726868175317, 0.18260157144256384, 0.21433646897050337, 0.2126891112755109, 0.2126891112755109, 0.21320152651980806, 0.20946073997983813, 0.20946073997983813, 0.20946073997983813, 0.20946073997983813, 0.1999993272253552, 0.19144446336610807, 0.19543376283204072, 0.19543376283204072, 0.2079228453409088, 0.2079228453409088, 0.2097386746222572, 0.2097386746222572, 0.2097386746222572
Occupy-Europe-Australia-North-America, 0.08333333333333333, 0.08333333333333333, 0.08417508336421936, 0.08417508336421936, 0.08417508336421936, 0.08417508336421936, 0.08417508336421936, 0.08501666164476683, 0.08501666164476683, 0.08501666164476683, 0.08501666164476683, 0.08501666164476683, 0.08501666164476683, 0.08585789656478406, 0.08585789656478406, 0.08585789656478406, 0.08585789656478406, 0.08585789656478406, 0.08585789656478406, 0.08669861679413017, 0.08669861679413017, 0.08669861679413017, 0.08669861679413017, 0.08669861679413017, 0.08669861679413017, 0.08753865142213393, 0.08753865142213393, 0.08753865142213393, 0.08753865142213393, 0.08753865142213393, 0.08753865142213393, 0.08837783009628655, 0.08837783009628655, 0.08837783009628655, 0.08837783009628655, 0.08837783009628655, 0.08837783009628655, 0.08921598315996994, 0.08921598315996994, 0.08921598315996994, 0.08921598315996994, 0.08921598315996994, 0.08921598315996994, 0.09005294178898471, 0.09005294178898471, 0.09005294178898471, 0.09005294178898471, 0.09005294178898471, 0.09005294178898471, 0.0908885381266455, 0.0908885381266455, 0.0908885381266455, 0.0908885381266455, 0.0908885381266455, 0.0908885381266455, 0.09172260541721595, 0.09172260541721595, 0.09172260541721595, 0.09172260541721595, 0.09172260541721595, 0.09172260541721595, 0.09296209888696799, 0.09296209888696799, 0.09296209888696799, 0.09296209888696799, 0.09296209888696799, 0.09296209888696799, 0.09420974021082158, 0.09420974021082158, 0.09420974021082158, 0.09420974021082158, 0.09420974021082158, 0.09420974021082158, 0.0954653529020216, 0.0954653529020216, 0.0954653529020216, 0.0954653529020216, 0.0954653529020216, 0.0954653529020216, 0.10611869464317258, 0.10611869464317258, 0.10345072030055129, 0.10343632422522252, 0.10343632422522252, 0.10343632422522252, 0.10171365022884417, 0.10171365022884417, 0.10171365022884417, 0.10051054109454623, 0.10051054109454623, 0.10051054109454623, 0.10499063145991358, 0.10499063145991358, 0.10499063145991358, 0.10499063145991358, 0.10499063145991358, 0.10499063145991358, 0.10866563961128838, 0.10866563961128838, 0.10866563961128838, 0.10866563961128838, 0.10866563961128838, 0.10798895135352632, 0.11647685932246891, 0.11647685932246891, 0.11647685932246891, 0.11647685932246891, 0.11647685932246891, 0.11647685932246891, 0.1457752230653576, 0.1457752230653576, 0.1457752230653576, 0.1457752230653576, 0.14720609847395574, 0.14720609847395574, 0.14894015812804004, 0.14751624031005564, 0.14751624031005564, 0.1485123631679874, 0.1485123631679874, 0.1485123631679874, 0.15723436034111465, 0.15723436034111465, 0.15858657605978155, 0.15993504827981475, 0.15993504827981475, 0.15993504827981475, 0.1549926693422592, 0.1549926693422592, 0.1549926693422592, 0.15602554334833188, 0.15570392872062827, 0.15570392872062827, 0.1600223019912301, 0.1600223019912301, 0.1600223019912301, 0.1600223019912301, 0.1600223019912301, 0.14854252126003295, 0.14854252126003295, 0.14854252126003295, 0.14854252126003295, 0.14854252126003295, 0.13920994447012588, 0.14117206421328743, 0.14117206421328743, 0.14117206421328743, 0.16194025523688518, 0.16521280378951175, 0.16521280378951175, 0.16359387606428294, 0.14900992667569826, 0.15009837001142834, 0.14736872572523807, 0.14736872572523807, 0.15466136488481172, 0.15466136488481172, 0.15466136488481172, 0.15466136488481172, 0.14193414633663556, 0.14213083263511275, 0.13846609274791966, 0.13846609274791966, 0.12502021280399958, 0.1251666079578606, 0.12152788272352726, 0.12152788272352726, 0.09781138369235967, 0.09977561384868423, 0.09977561384868423, 0.09979645015003402, 0.08132158121006654, 0.08132158121006654, 0.08132158121006654, 0.08380255324194388, 0.0741014493303464, 0.07353191679418597, 0.07353191679418597, 0.07370907149139529, 0.07612524886449017, 0.07612524886449017, 0.07612524886449017, 0.07612524886449017, 0.08038045530635339, 0.08341812068849376, 0.08175147563407062, 0.08175147563407062, 0.07714410167041122, 0.07714410167041122, 0.07626146077937668, 0.07626146077937668, 0.07626146077937668
Occupy-Europe-Australia-Africa, 0.08333333333333333, 0.08333333333333333, 0.08417508336421936, 0.08417508336421936, 0.08417508336421936, 0.08417508336421936, 0.08417508336421936, 0.08501666164476683, 0.08501666164476683, 0.08501666164476683, 0.08501666164476683, 0.08501666164476683, 0.08501666164476683, 0.08585789656478406, 0.08585789656478406, 0.08585789656478406, 0.08585789656478406, 0.08585789656478406, 0.08585789656478406, 0.08669861679413017, 0.08669861679413017, 0.08669861679413017, 0.08669861679413017, 0.08669861679413017, 0.08669861679413017, 0.08753865142213393, 0.08753865142213393, 0.08753865142213393, 0.08753865142213393, 0.08753865142213393, 0.08753865142213393, 0.08837783009628655, 0.08837783009628655, 0.08837783009628655, 0.08837783009628655, 0.08837783009628655, 0.08837783009628655, 0.08921598315996994, 0.08921598315996994, 0.08921598315996994, 0.08921598315996994, 0.08921598315996994, 0.08921598315996994, 0.09005294178898471, 0.09005294178898471, 0.09005294178898471, 0.09005294178898471, 0.09005294178898471, 0.09005294178898471, 0.0908885381266455, 0.0908885381266455, 0.0908885381266455, 0.0908885381266455, 0.0908885381266455, 0.0908885381266455, 0.09172260541721595, 0.09172260541721595, 0.09172260541721595, 0.09172260541721595, 0.09172260541721595, 0.09172260541721595, 0.09110285868233996, 0.09110285868233996, 0.09110285868233996, 0.09110285868233996, 0.09110285868233996, 0.09110285868233996, 0.09047903802041314, 0.09047903802041314, 0.09047903802041314, 0.09047903802041314, 0.09047903802041314, 0.09047903802041314, 0.0898512316748131, 0.0898512316748131, 0.0898512316748131, 0.0898512316748131, 0.0898512316748131, 0.0898512316748131, 0.11252494548966456, 0.11252494548966456, 0.11193459876406113, 0.11191902208261299, 0.11191902208261299, 0.11191902208261299, 0.12682720177576948, 0.12682720177576948, 0.12682720177576948, 0.12532703965799497, 0.12532703965799497, 0.12532703965799497, 0.1206999581299754, 0.1206999581299754, 0.1206999581299754, 0.1206999581299754, 0.1206999581299754, 0.1206999581299754, 0.11752929457869642, 0.11752929457869642, 0.11752929457869642, 0.11752929457869642, 0.11752929457869642, 0.11679741011301845, 0.11164101626345439, 0.11164101626345439, 0.11164101626345439, 0.11164101626345439, 0.11164101626345439, 0.11164101626345439, 0.09363305125513459, 0.09363305125513459, 0.09363305125513459, 0.09363305125513459, 0.09269815711104337, 0.09269815711104337, 0.08650903051447976, 0.08743058523270486, 0.08743058523270486, 0.08802097178437941, 0.08802097178437941, 0.08802097178437941, 0.08099684107496813, 0.08099684107496813, 0.08009158387159881, 0.0791888327987655, 0.0791888327987655, 0.0791888327987655, 0.07075462990727051, 0.07075462990727051, 0.07075462990727051, 0.07122614006546472, 0.0725589425176421, 0.0725589425176421, 0.0688097467847324, 0.0688097467847324, 0.0688097467847324, 0.0688097467847324, 0.0688097467847324, 0.051120835065287064, 0.051120835065287064, 0.051120835065287064, 0.051120835065287064, 0.051120835065287064, 0.045015734829303426, 0.04566848460547329, 0.04566848460547329, 0.04566848460547329, 0.057430777618293426, 0.05859136000650838, 0.05859136000650838, 0.05801722062385952, 0.05703448521202192, 0.05632460275339563, 0.05875559616063927, 0.05875559616063927, 0.06674562049614854, 0.06674562049614854, 0.06674562049614854, 0.06674562049614854, 0.1284589904145795, 0.1286370034155584, 0.1304874918761395, 0.1304874918761395, 0.19193535407960988, 0.19216010498237712, 0.19823138878830598, 0.19823138878830598, 0.12843645073209228, 0.1283953765751539, 0.1283953765751539, 0.1233366756807001, 0.12236874253902826, 0.12236874253902826, 0.12236874253902826, 0.12357995069200794, 0.05852850133114846, 0.05807866011883702, 0.05807866011883702, 0.05705421391369458, 0.05222921376700956, 0.05222921376700956, 0.05222921376700956, 0.05222921376700956, 0.048872602396030446, 0.050719551531460356, 0.051776440178325334, 0.051776440178325334, 0.05045354914817338, 0.05045354914817338, 0.051932824983271085, 0.051932824983271085, 0.051932824983271085
Occupy-North-America-Australia, 0.08333333333333333, 0.08333333333333333, 0.08417508336421936, 0.08417508336421936, 0.08417508336421936, 0.08417508336421936, 0.08417508336421936, 0.08501666164476683, 0.08501666164476683, 0.08501666164476683, 0.08501666164476683, 0.08501666164476683, 0.08501666164476683, 0.08585789656478406, 0.08585789656478406, 0.08585789656478406, 0.08585789656478406, 0.08585789656478406, 0.08585789656478406, 0.08669861679413017, 0.08669861679413017, 0.08669861679413017, 0.08669861679413017, 0.08669861679413017, 0.08669861679413017, 0.08753865142213393, 0.08753865142213393, 0.08753865142213393, 0.08753865142213393, 0.08753865142213393, 0.08753865142213393, 0.08837783009628655, 0.08837783009628655, 0.08837783009628655, 0.08837783009628655, 0.08837783009628655, 0.08837783009628655, 0.08921598315996994, 0.08921598315996994, 0.08921598315996994, 0.08921598315996994, 0.08921598315996994, 0.08921598315996994, 0.09005294178898471, 0.09005294178898471, 0.09005294178898471, 0.09005294178898471, 0.09005294178898471, 0.09005294178898471, 0.0908885381266455, 0.0908885381266455, 0.0908885381266455, 0.0908885381266455, 0.0908885381266455, 0.0908885381266455, 0.09172260541721595, 0.09172260541721595, 0.09172260541721595, 0.09172260541721595, 0.09172260541721595, 0.09172260541721595, 0.09296209888696799, 0.09296209888696799, 0.09296209888696799, 0.09296209888696799, 0.09296209888696799, 0.09296209888696799, 0.09420974021082158, 0.09420974021082158, 0.09420974021082158, 0.09420974021082158, 0.09420974021082158, 0.09420974021082158, 0.0954653529020216, 0.0954653529020216, 0.0954653529020216, 0.0954653529020216, 0.0954653529020216, 0.0954653529020216, 0.11513507324397361, 0.11513507324397361, 0.11686839858291706, 0.11685213531993865, 0.11685213531993865, 0.11685213531993865, 0.12177674425117847, 0.12177674425117847, 0.12177674425117847, 0.1203363209350943, 0.1203363209350943, 0.1203363209350943, 0.13072811699501302, 0.13072811699501302, 0.13072811699501302, 0.13072811699501302, 0.13072811699501302, 0.13072811699501302, 0.13790185937847158, 0.13790185937847158, 0.13790185937847158, 0.13790185937847158, 0.13790185937847158, 0.13983990526799284, 0.1537887675507339, 0.1537887675507339, 0.1537887675507339, 0.1537887675507339, 0.1537887675507339, 0.1537887675507339, 0.2140998979648926, 0.2140998979648926, 0.2140998979648926, 0.2140998979648926, 0.21620142298772851, 0.21620142298772851, 0.22546715559046465, 0.22331161403437522, 0.22331161403437522, 0.2248195551445454, 0.2248195551445454, 0.2248195551445454, 0.24505087916557497, 0.24505087916557497, 0.24715831706885485, 0.24925992070264455, 0.24925992070264455, 0.24925992070264455, 0.2515172716095113, 0.2515172716095113, 0.2515172716095113, 0.2531933873447021, 0.25267148115382865, 0.25267148115382865, 0.26477095173547865, 0.26477095173547865, 0.26477095173547865, 0.26477095173547865, 0.26477095173547865, 0.2771295020776291, 0.2771295020776291, 0.2771295020776291, 0.2771295020776291, 0.2771295020776291, 0.2816948104393164, 0.28566520889908836, 0.28566520889908836, 0.28566520889908836, 0.40921699046472715, 0.41748659870942567, 0.41748659870942567, 0.4133956286752675, 0.48558731230055074, 0.48913428588667235, 0.48023903533499324, 0.48023903533499324, 0.4675508643595474, 0.4675508643595474, 0.4675508643595474, 0.4675508643595474, 0.3816529206430546, 0.38218179901518534, 0.37992603341070214, 0.37992603341070214, 0.32991967012749224, 0.33030599678449296, 0.32070365327482453, 0.32070365327482453, 0.30415986114213117, 0.31026794334121305, 0.31026794334121305, 0.3103327370930855, 0.28655829154207724, 0.28655829154207724, 0.28655829154207724, 0.2953006585280557, 0.32400919484504903, 0.3215189091603961, 0.3215189091603961, 0.32229351952665114, 0.3328582749036919, 0.3328582749036919, 0.3328582749036919, 0.3328582749036919, 0.3514641999643634, 0.3647464167572934, 0.3574589975899739, 0.3574589975899739, 0.33731321715239787, 0.33731321715239787, 0.3334538626185008, 0.3334538626185008, 0.3334538626185008
Occupy-Asia-South-America, 0.08333333333333333, 0.08166666825612386, 0.08249158330244728, 0.08249158330244728, 0.08249158330244728, 0.08249158330244728, 0.08249158330244728, 0.08165000502189981, 0.08165000502189981, 0.08165000502189981, 0.08165000502189981, 0.08165000502189981, 0.08165000502189981, 0.0808087701018826, 0.0808087701018826, 0.0808087701018826, 0.0808087701018826, 0.0808087701018826, 0.0808087701018826, 0.07996804987253649, 0.07996804987253649, 0.07996804987253649, 0.07996804987253649, 0.07996804987253649, 0.07996804987253649, 0.07912801524453272, 0.07912801524453272, 0.07912801524453272, 0.07912801524453272, 0.07912801524453272, 0.07912801524453272, 0.07828883657038012, 0.07828883657038012, 0.07828883657038012, 0.07828883657038012, 0.07828883657038012, 0.07828883657038012, 0.07745068350669673, 0.07745068350669673, 0.07745068350669673, 0.07745068350669673, 0.07745068350669673, 0.07745068350669673, 0.07661372487768198, 0.07661372487768198, 0.07661372487768198, 0.07661372487768198, 0.07661372487768198, 0.07661372487768198, 0.07577812854002115, 0.07577812854002115, 0.07577812854002115, 0.07577812854002115, 0.07577812854002115, 0.07577812854002115, 0.0749440612494507, 0.0749440612494507, 0.0749440612494507, 0.0749440612494507, 0.0749440612494507, 0.0749440612494507, 0.0744376829466711, 0.0744376829466711, 0.0744376829466711, 0.0744376829466711, 0.0744376829466711, 0.0744376829466711, 0.07392797594823317, 0.07392797594823317, 0.07392797594823317, 0.07392797594823317, 0.07392797594823317, 0.07392797594823317, 0.07341501235541517, 0.07341501235541517, 0.07341501235541517, 0.07341501235541517, 0.07341501235541517, 0.07341501235541517, 0.05800921165770043, 0.05800921165770043, 0.06008420660357412, 0.0600998852673459, 0.0600998852673459, 0.0600998852673459, 0.05345295234398291, 0.05345295234398291, 0.05345295234398291, 0.0549986335952835, 0.0549986335952835, 0.0549986335952835, 0.05517508424252731, 0.05517508424252731, 0.05517508424252731, 0.05517508424252731, 0.05517508424252731, 0.05517508424252731, 0.054844977932108435, 0.054844977932108435, 0.054844977932108435, 0.054844977932108435, 0.054844977932108435, 0.05561575857655565, 0.05316042369211351, 0.05316042369211351, 0.05316042369211351, 0.05316042369211351, 0.05316042369211351, 0.05316042369211351, 0.04278427167093946, 0.04278427167093946, 0.04278427167093946, 0.04278427167093946, 0.04235708528207151, 0.04235708528207151, 0.042830249396320665, 0.043286507178649306, 0.043286507178649306, 0.04270722975501082, 0.04270722975501082, 0.04270722975501082, 0.039274861335563065, 0.039274861335563065, 0.038835907783011034, 0.03839816943747182, 0.03839816943747182, 0.03839816943747182, 0.04110166284970685, 0.04110166284970685, 0.04110166284970685, 0.04054805457612412, 0.04048066532082023, 0.04048066532082023, 0.03838898740463143, 0.03838898740463143, 0.03838898740463143, 0.03838898740463143, 0.03838898740463143, 0.0452132587680232, 0.0452132587680232, 0.0452132587680232, 0.0452132587680232, 0.0452132587680232, 0.0582913371880621, 0.05679478283833648, 0.05679478283833648, 0.05679478283833648, 0.026825943494879163, 0.023758908042320104, 0.023758908042320104, 0.02499606037432415, 0.01857901039078669, 0.017980810878948955, 0.018756870195248077, 0.018756870195248077, 0.013346227641278666, 0.013346227641278666, 0.013346227641278666, 0.013346227641278666, 0.009927287975795986, 0.009742224082743743, 0.010084050208655194, 0.010084050208655194, 0.007443583877829611, 0.007303254245287341, 0.007534000004060009, 0.007534000004060009, 0.0117839061775443, 0.011544535139166043, 0.011544535139166043, 0.011777884702759827, 0.015446911282654494, 0.015446911282654494, 0.015446911282654494, 0.014982053406822253, 0.01758583127065719, 0.018541029047630993, 0.018541029047630993, 0.01858569849907581, 0.01825959796913977, 0.01825959796913977, 0.01825959796913977, 0.01825959796913977, 0.01743480572819964, 0.016689041272456708, 0.017036805748193048, 0.017036805748193048, 0.01812553304686151, 0.01812553304686151, 0.01828382673312083, 0.01828382673312083, 0.01828382673312083
Occupy-Europe-South-America-Asia, 0.08333333333333333, 0.08166666825612386, 0.08249158330244728, 0.08249158330244728, 0.08249158330244728, 0.08249158330244728, 0.08249158330244728, 0.08165000502189981, 0.08165000502189981, 0.08165000502189981, 0.08165000502189981, 0.08165000502189981, 0.08165000502189981, 0.0808087701018826, 0.0808087701018826, 0.0808087701018826, 0.0808087701018826, 0.0808087701018826, 0.0808087701018826, 0.07996804987253649, 0.07996804987253649, 0.07996804987253649, 0.07996804987253649, 0.07996804987253649, 0.07996804987253649, 0.07912801524453272, 0.07912801524453272, 0.07912801524453272, 0.07912801524453272, 0.07912801524453272, 0.07912801524453272, 0.07828883657038012, 0.07828883657038012, 0.07828883657038012, 0.07828883657038012, 0.07828883657038012, 0.07828883657038012, 0.07745068350669673, 0.07745068350669673, 0.07745068350669673, 0.07745068350669673, 0.07745068350669673, 0.07745068350669673, 0.07661372487768198, 0.07661372487768198, 0.07661372487768198, 0.07661372487768198, 0.07661372487768198, 0.07661372487768198, 0.07577812854002115, 0.07577812854002115, 0.07577812854002115, 0.07577812854002115, 0.07577812854002115, 0.07577812854002115, 0.0749440612494507, 0.0749440612494507, 0.0749440612494507, 0.0749440612494507, 0.0749440612494507, 0.0749440612494507, 0.0744376829466711, 0.0744376829466711, 0.0744376829466711, 0.0744376829466711, 0.0744376829466711, 0.0744376829466711, 0.07392797594823317, 0.07392797594823317, 0.07392797594823317, 0.07392797594823317, 0.07392797594823317, 0.07392797594823317, 0.07341501235541517, 0.07341501235541517, 0.07341501235541517, 0.07341501235541517, 0.07341501235541517, 0.07341501235541517, 0.05244999554050415, 0.05244999554050415, 0.052174823817554096, 0.05218843856868803, 0.05218843856868803, 0.05218843856868803, 0.04362251246444492, 0.04362251246444492, 0.04362251246444492, 0.04488393015409867, 0.04488393015409867, 0.04488393015409867, 0.0432268128657011, 0.0432268128657011, 0.0432268128657011, 0.0432268128657011, 0.0432268128657011, 0.0432268128657011, 0.04209128902530634, 0.04209128902530634, 0.04209128902530634, 0.04209128902530634, 0.04209128902530634, 0.04182917598626861, 0.03916652446220205, 0.03916652446220205, 0.03916652446220205, 0.03916652446220205, 0.03916652446220205, 0.03916652446220205, 0.02813111484898305, 0.02813111484898305, 0.02813111484898305, 0.02813111484898305, 0.027850235243047645, 0.027850235243047645, 0.02733580440079555, 0.02762700451449715, 0.02762700451449715, 0.027257288844624382, 0.027257288844624382, 0.027257288844624382, 0.024301392624454472, 0.024301392624454472, 0.02402978930717409, 0.023758937901466, 0.023758937901466, 0.023758937901466, 0.02445358597916861, 0.02445358597916861, 0.02445358597916861, 0.02412421469396449, 0.024084121207852468, 0.024084121207852468, 0.022373554004809497, 0.022373554004809497, 0.022373554004809497, 0.022373554004809497, 0.022373554004809497, 0.023405499215000295, 0.023405499215000295, 0.023405499215000295, 0.023405499215000295, 0.023405499215000295, 0.027930845847788634, 0.027213757668628036, 0.027213757668628036, 0.027213757668628036, 0.00984465656574766, 0.00871910768389081, 0.00871910768389081, 0.009173121158959028, 0.005213197015061255, 0.005045344592142646, 0.005263103774474948, 0.005263103774474948, 0.0039885860166658845, 0.0039885860166658845, 0.0039885860166658845, 0.0039885860166658845, 0.0033455126882195266, 0.0032831458460520478, 0.0033303750518109665, 0.0033303750518109665, 0.0025510246665996304, 0.002502931656573044, 0.0025820115906482893, 0.0025820115906482893, 0.0034847138426399586, 0.003413927504188507, 0.003413927504188507, 0.0034829331838144035, 0.004055187003961978, 0.004055187003961978, 0.004055187003961978, 0.003933150592781119, 0.0037268155259279436, 0.003929242459905048, 0.003929242459905048, 0.003938708876511524, 0.0038696011670564254, 0.0038696011670564254, 0.0038696011670564254, 0.0038696011670564254, 0.0036948099682844082, 0.0035367664553237555, 0.0036104652204030563, 0.0036104652204030563, 0.0038411899292741863, 0.0038411899292741863, 0.0038747357627652614, 0.0038747357627652614, 0.0038747357627652614
Occupy-North-America-Africa, 0.08333333333333333, 0.08166666825612386, 0.08249158330244728, 0.08249158330244728, 0.08249158330244728, 0.08249158330244728, 0.08249158330244728, 0.08165000502189981, 0.08165000502189981, 0.08165000502189981, 0.08165000502189981, 0.08165000502189981, 0.08165000502189981, 0.0808087701018826, 0.0808087701018826, 0.0808087701018826, 0.0808087701018826, 0.0808087701018826, 0.0808087701018826, 0.07996804987253649, 0.07996804987253649, 0.07996804987253649, 0.07996804987253649, 0.07996804987253649, 0.07996804987253649, 0.07912801524453272, 0.07912801524453272, 0.07912801524453272, 0.07912801524453272, 0.07912801524453272, 0.07912801524453272, 0.07828883657038012, 0.07828883657038012, 0.07828883657038012, 0.07828883657038012, 0.07828883657038012, 0.07828883657038012, 0.07745068350669673, 0.07745068350669673, 0.07745068350669673, 0.07745068350669673, 0.07745068350669673, 0.07745068350669673, 0.07661372487768198, 0.07661372487768198, 0.07661372487768198, 0.07661372487768198, 0.07661372487768198, 0.07661372487768198, 0.07577812854002115, 0.07577812854002115, 0.07577812854002115, 0.07577812854002115, 0.07577812854002115, 0.07577812854002115, 0.0749440612494507, 0.0749440612494507, 0.0749440612494507, 0.0749440612494507, 0.0749440612494507, 0.0749440612494507, 0.07595681785500996, 0.07595681785500996, 0.07595681785500996, 0.07595681785500996, 0.07595681785500996, 0.07595681785500996, 0.0769762318518858, 0.0769762318518858, 0.0769762318518858, 0.0769762318518858, 0.0769762318518858, 0.0769762318518858, 0.07800215903752176, 0.07800215903752176, 0.07800215903752176, 0.07800215903752176, 0.07800215903752176, 0.07800215903752176, 0.061441714507408214, 0.061441714507408214, 0.062366701808177535, 0.06238297607729882, 0.06238297607729882, 0.06238297607729882, 0.04889551092109553, 0.04889551092109553, 0.04889551092109553, 0.05030940615399388, 0.05030940615399388, 0.05030940615399388, 0.054653938915053685, 0.054653938915053685, 0.054653938915053685, 0.054653938915053685, 0.054653938915053685, 0.054653938915053685, 0.057653089266411, 0.057653089266411, 0.057653089266411, 0.057653089266411, 0.057653089266411, 0.05846333456096005, 0.06429498183516127, 0.06429498183516127, 0.06429498183516127, 0.06429498183516127, 0.06429498183516127, 0.06429498183516127, 0.08950945683351999, 0.08950945683351999, 0.08950945683351999, 0.08950945683351999, 0.09038804839336716, 0.09038804839336716, 0.09426180405751768, 0.09336062962585455, 0.09336062962585455, 0.09399105958397812, 0.09399105958397812, 0.09399105958397812, 0.10244923654416632, 0.10244923654416632, 0.10333030012161784, 0.10420892454660807, 0.10420892454660807, 0.10420892454660807, 0.10304960949730933, 0.10304960949730933, 0.10304960949730933, 0.1037363339949091, 0.10352250283802843, 0.10352250283802843, 0.10847979945064028, 0.10847979945064028, 0.10847979945064028, 0.10847979945064028, 0.10847979945064028, 0.10472867315399842, 0.10472867315399842, 0.10472867315399842, 0.10472867315399842, 0.10472867315399842, 0.10019358428423954, 0.10160578088133258, 0.10160578088133258, 0.10160578088133258, 0.06389638098794258, 0.06518762267960405, 0.06518762267960405, 0.06858201350228921, 0.046125146862676214, 0.0474102726476206, 0.04654808353904171, 0.04654808353904171, 0.03319600961692586, 0.03319600961692586, 0.03319600961692586, 0.03319600961692586, 0.04439730865485336, 0.04445883255538792, 0.04419642156262911, 0.04419642156262911, 0.055043447636676915, 0.055107901966141584, 0.05350585716547975, 0.05350585716547975, 0.0403755590032639, 0.040362646842911264, 0.040362646842911264, 0.038772382745144135, 0.038434571003941785, 0.038434571003941785, 0.038434571003941785, 0.038814997122494116, 0.03134204235103461, 0.03371880240409756, 0.03371880240409756, 0.03312403835316825, 0.03320699052452822, 0.03320699052452822, 0.03320699052452822, 0.03320699052452822, 0.03437566298639185, 0.03567475691468455, 0.0349619962256535, 0.0349619962256535, 0.03299159765023621, 0.03299159765023621, 0.03261412571763056, 0.03261412571763056, 0.03261412571763056
fred
LOSER
Conquer the continents of NORTH AMERICA and AFRICA., Turn 1, Turn 2, Turn 3, Turn 4, Turn 5, Turn 6, Turn 7, Turn 8, Turn 9, Turn 10, Turn 11, Turn 12, Turn 13, Turn 14, Turn 15, Turn 16, Turn 17, Turn 18, Turn 19, Turn 20, Turn 21, Turn 22, Turn 23, Turn 24, Turn 25, Turn 26, Turn 27, Turn 28, Turn 29, Turn 30, Turn 31, Turn 32, Turn 33, Turn 34, Turn 35, Turn 36, Turn 37, Turn 38, Turn 39, Turn 40, Turn 41, Turn 42, Turn 43, Turn 44, Turn 45, Turn 46, Turn 47, Turn 48, Turn 49, Turn 50, Turn 51, Turn 52, Turn 53, Turn 54, Turn 55, Turn 56, Turn 57, Turn 58, Turn 59, Turn 60, Turn 61, Turn 62, Turn 63, Turn 64, Turn 65, Turn 66, Turn 67, Turn 68, Turn 69, Turn 70, Turn 71, Turn 72, Turn 73, Turn 74, Turn 75, Turn 76, Turn 77, Turn 78, Turn 79, Turn 80, Turn 81, Turn 82, Turn 83, Turn 84, Turn 85, Turn 86, Turn 87, Turn 88, Turn 89, Turn 90, Turn 91, Turn 92, Turn 93, Turn 94, Turn 95, Turn 96, Turn 97, Turn 98, Turn 99, Turn 100, Turn 101, Turn 102, Turn 103, Turn 104, Turn 105, Turn 106, Turn 107, Turn 108, Turn 109, Turn 110, Turn 111, Turn 112, Turn 113, Turn 114, Turn 115, Turn 116, Turn 117, Turn 118, Turn 119, Turn 120, Turn 121, Turn 122, Turn 123, Turn 124, Turn 125, Turn 126, Turn 127, Turn 128, Turn 129, Turn 130, Turn 131, Turn 132, Turn 133, Turn 134, Turn 135, Turn 136, Turn 137, Turn 138, Turn 139, Turn 140, Turn 141, Turn 142, Turn 143, Turn 144, Turn 145, Turn 146, Turn 147, Turn 148, Turn 149, Turn 150, Turn 151, Turn 152, Turn 153, Turn 154, Turn 155, Turn 156, Turn 157, Turn 158, Turn 159, Turn 160, Turn 161, Turn 162, Turn 163, Turn 164, Turn 165, Turn 166, Turn 167, Turn 168, Turn 169, Turn 170, Turn 171, Turn 172, Turn 173, Turn 174, Turn 175, Turn 176, Turn 177, Turn 178, Turn 179, Turn 180, Turn 181, Turn 182, Turn 183, Turn 184, Turn 185, Turn 186, Turn 187, Turn 188, Turn 189, Turn 190, Turn 191, Turn 192
Occupy-Europe-Australia-Asia, 0.08333333333333333, 0.08333333333333333, 0.08333333333333333, 0.08445945837098895, 0.08445945837098895, 0.08445945837098895, 0.08445945837098895, 0.08445945837098895, 0.08559298603135368, 0.08559298603135368, 0.08559298603135368, 0.08559298603135368, 0.08559298603135368, 0.08559298603135368, 0.0850166026422614, 0.0850166026422614, 0.0850166026422614, 0.0850166026422614, 0.0850166026422614, 0.0850166026422614, 0.08443640371398349, 0.08443640371398349, 0.08443640371398349, 0.08443640371398349, 0.08443640371398349, 0.08443640371398349, 0.08385247079907965, 0.08385247079907965, 0.08385247079907965, 0.08385247079907965, 0.08385247079907965, 0.08385247079907965, 0.08326488803668511, 0.08326488803668511, 0.08326488803668511, 0.08326488803668511, 0.08326488803668511, 0.08326488803668511, 0.08326488803668511, 0.08437857001942681, 0.08437857001942681, 0.08437857001942681, 0.08437857001942681, 0.08437857001942681, 0.08549926586261708, 0.08549926586261708, 0.08549926586261708, 0.08549926586261708, 0.08549926586261708, 0.08549926586261708, 0.08662681119672809, 0.08662681119672809, 0.08662681119672809, 0.08662681119672809, 0.08662681119672809, 0.08662681119672809, 0.08776103682481742, 0.08776103682481742, 0.08776103682481742, 0.08776103682481742, 0.08776103682481742, 0.08776103682481742, 0.08714214216904785, 0.08714214216904785, 0.08714214216904785, 0.08714214216904785, 0.08714214216904785, 0.08714214216904785, 0.08651955071015227, 0.08651955071015227, 0.08651955071015227, 0.08651955071015227, 0.08651955071015227, 0.08651955071015227, 0.08764628135867478, 0.08764628135867478, 0.08764628135867478, 0.08764628135867478, 0.08851273143993217, 0.08851273143993217, 0.05324483916577752, 0.05282390617436823, 0.05282390617436823, 0.05282390617436823, 0.05282390617436823, 0.05282390617436823, 0.039202735018582006, 0.039202735018582006, 0.039202735018582006, 0.038681684726738295, 0.038681684726738295, 0.038681684726738295, 0.044291576884107384, 0.04488166176930818, 0.04488166176930818, 0.04488166176930818, 0.04488166176930818, 0.04488166176930818, 0.0518360244842389, 0.0518360244842389, 0.0518360244842389, 0.0518360244842389, 0.0518360244842389, 0.0518360244842389, 0.03689553211627573, 0.03689553211627573, 0.037915724657602456, 0.03945618423189578, 0.038912270865102724, 0.038912270865102724, 0.04132350931847405, 0.04132350931847405, 0.04132350931847405, 0.04132350931847405, 0.04132350931847405, 0.04132350931847405, 0.043517104901152175, 0.043517104901152175, 0.043517104901152175, 0.043517104901152175, 0.042853687303524166, 0.0431953329643816, 0.04738739578404594, 0.04738739578404594, 0.04738739578404594, 0.04738739578404594, 0.048752122237250194, 0.048752122237250194, 0.05546007502370344, 0.05546007502370344, 0.05546007502370344, 0.05546007502370344, 0.05546007502370344, 0.05546007502370344, 0.04625256185603031, 0.04625256185603031, 0.046907415017723476, 0.046907415017723476, 0.04631347291237645, 0.04675018097222419, 0.045685802584275646, 0.045685802584275646, 0.045099903836326775, 0.04451733879250382, 0.029381267039803056, 0.029381267039803056, 0.029742583525093763, 0.027588299141903534, 0.03708009087415403, 0.03708009087415403, 0.03588266017372757, 0.03588266017372757, 0.03595101606336091, 0.03595101606336091, 0.03692455465846774, 0.036418492814104926, 0.04169451755325133, 0.04117389711285588, 0.041045081286617525, 0.041045081286617525, 0.04436464322985332, 0.04436464322985332, 0.04471278848046403, 0.04471278848046403, 0.058078121844409, 0.057142989289346656, 0.057142989289346656, 0.057142989289346656, 0.03876915725073721, 0.03907201893338661, 0.039449160791158684, 0.03992558976017541, 0.04136727720088894, 0.04135627944584554, 0.04135627944584554, 0.04135627944584554, 0.04693697324068662, 0.04523701019960928, 0.04565274696079303, 0.04565274696079303, 0.049954945981440485, 0.04858134773535017, 0.0476368357103253, 0.0476368357103253, 0.0185125917343577, 0.018287935890349518, 0.018287935890349518, 0.018292464370409812, 0.019943066211593523, 0.020706011961732565, 0.02086286935133069, 0.021762072037144295
Occupy-Europe-South-America-North-America, 0.08333333333333333, 0.08333333333333333, 0.08166666825612386, 0.0827702708145055, 0.0827702708145055, 0.0827702708145055, 0.0827702708145055, 0.0827702708145055, 0.08220350698432313, 0.08220350698432313, 0.08220350698432313, 0.08220350698432313, 0.08220350698432313, 0.08220350698432313, 0.08164994835589136, 0.08164994835589136, 0.08164994835589136, 0.08164994835589136, 0.08164994835589136, 0.08164994835589136, 0.08109272528348309, 0.08109272528348309, 0.08109272528348309, 0.08109272528348309, 0.08109272528348309, 0.08109272528348309, 0.08053191609017966, 0.08053191609017966, 0.08053191609017966, 0.08053191609017966, 0.08053191609017966, 0.08053191609017966, 0.07996760158320973, 0.07996760158320973, 0.07996760158320973, 0.07996760158320973, 0.07996760158320973, 0.07996760158320973, 0.07996760158320973, 0.07941643971070898, 0.07941643971070898, 0.07941643971070898, 0.07941643971070898, 0.07941643971070898, 0.07886180667452033, 0.07886180667452033, 0.07886180667452033, 0.07886180667452033, 0.07886180667452033, 0.07886180667452033, 0.07830378382122052, 0.07830378382122052, 0.07830378382122052, 0.07830378382122052, 0.07830378382122052, 0.07830378382122052, 0.07774245488647645, 0.07774245488647645, 0.07774245488647645, 0.07774245488647645, 0.07774245488647645, 0.07774245488647645, 0.07719421170708363, 0.07719421170708363, 0.07719421170708363, 0.07719421170708363, 0.07719421170708363, 0.07719421170708363, 0.07664269374242567, 0.07664269374242567, 0.07664269374242567, 0.07664269374242567, 0.07664269374242567, 0.07664269374242567, 0.07608798510775605, 0.07608798510775605, 0.07608798510775605, 0.07608798510775605, 0.07530337066168556, 0.07530337066168556, 0.04872760375307549, 0.0483423822680762, 0.0483423822680762, 0.0483423822680762, 0.0483423822680762, 0.0483423822680762, 0.03611643709606181, 0.03611643709606181, 0.03611643709606181, 0.03636368023163006, 0.03636368023163006, 0.03636368023163006, 0.025459543568860633, 0.025798734288653827, 0.025798734288653827, 0.025798734288653827, 0.025798734288653827, 0.025798734288653827, 0.02314932875173736, 0.02314932875173736, 0.02314932875173736, 0.02314932875173736, 0.02314932875173736, 0.02314932875173736, 0.01943451554015732, 0.01943451554015732, 0.019971896265169844, 0.02078332474494453, 0.02091512348667512, 0.02091512348667512, 0.018896428385155557, 0.018896428385155557, 0.018896428385155557, 0.018896428385155557, 0.018896428385155557, 0.018896428385155557, 0.01909866210981468, 0.01909866210981468, 0.01909866210981468, 0.01909866210981468, 0.019199009111911504, 0.0189650297630902, 0.018072723581816295, 0.018072723581816295, 0.018072723581816295, 0.018072723581816295, 0.017871210175766802, 0.017871210175766802, 0.016285247355510946, 0.016285247355510946, 0.016285247355510946, 0.016285247355510946, 0.016285247355510946, 0.016285247355510946, 0.011704562582147806, 0.011704562582147806, 0.01187027815563351, 0.01187027815563351, 0.011959159551176218, 0.011796885087185523, 0.011528301110165777, 0.011528301110165777, 0.011612710097106268, 0.011696638805519091, 0.02154121849493388, 0.02154121849493388, 0.021806121888818312, 0.022833272883296497, 0.021028904187850063, 0.021028904187850063, 0.021621321378183376, 0.021621321378183376, 0.015140429769662756, 0.015140429769662756, 0.014928656182729452, 0.015024545191338943, 0.016279691150512792, 0.01607641406581078, 0.0160197072853023, 0.0160197072853023, 0.013858026001274623, 0.013858026001274623, 0.013687439664895927, 0.013687439664895927, 0.014199941166789996, 0.014547379512070179, 0.014547379512070179, 0.014547379512070179, 0.01705524434885181, 0.016851449932251128, 0.01701410820553968, 0.016875196781585406, 0.01484295430153682, 0.014839008207266802, 0.014839008207266802, 0.014839008207266802, 0.00973118217276933, 0.010172175206882086, 0.010265659439284768, 0.010265659439284768, 0.01134827669927898, 0.011491290750305227, 0.011046940031997243, 0.011046940031997243, 0.015312435933678566, 0.015429146948802914, 0.015429146948802914, 0.015426794356965654, 0.01777082380942987, 0.017365621978983375, 0.017497174406240025, 0.01475226104574306
Occupy-Europe-South-America-Africa, 0.08333333333333333, 0.08333333333333333, 0.08166666825612386, 0.0827702708145055, 0.0827702708145055, 0.0827702708145055, 0.0827702708145055, 0.0827702708145055, 0.08220350698432313, 0.08220350698432313, 0.08220350698432313, 0.08220350698432313, 0.08220350698432313, 0.08220350698432313, 0.08331627221097916, 0.08331627221097916, 0.08331627221097916, 0.08331627221097916, 0.08331627221097916, 0.08331627221097916, 0.08443640371398348, 0.08443640371398348, 0.08443640371398348, 0.08443640371398348, 0.08443640371398348, 0.08443640371398348, 0.08556374404804157, 0.08556374404804157, 0.08556374404804157, 0.08556374404804157, 0.08556374404804157, 0.08556374404804157, 0.08669813077421831, 0.08669813077421831, 0.08669813077421831, 0.08669813077421831, 0.08669813077421831, 0.08669813077421831, 0.08669813077421831, 0.08610057997672302, 0.08610057997672302, 0.08610057997672302, 0.08610057997672302, 0.08610057997672302, 0.08549926586261707, 0.08549926586261707, 0.08549926586261707, 0.08549926586261707, 0.08549926586261707, 0.08549926586261707, 0.0848942766250688, 0.0848942766250688, 0.0848942766250688, 0.0848942766250688, 0.0848942766250688, 0.0848942766250688, 0.08428570304741617, 0.08428570304741617, 0.08428570304741617, 0.08428570304741617, 0.08428570304741617, 0.08428570304741617, 0.08539930098777132, 0.08539930098777132, 0.08539930098777132, 0.08539930098777132, 0.08539930098777132, 0.08539930098777132, 0.08651955071015224, 0.08651955071015224, 0.08651955071015224, 0.08651955071015224, 0.08651955071015224, 0.08651955071015224, 0.0858933574032214, 0.0858933574032214, 0.0858933574032214, 0.0858933574032214, 0.08500763058387376, 0.08500763058387376, 0.10888416890777596, 0.10586290761379308, 0.10586290761379308, 0.10586290761379308, 0.10586290761379308, 0.10586290761379308, 0.11999557053789237, 0.11999557053789237, 0.11999557053789237, 0.12081702701310276, 0.12081702701310276, 0.12081702701310276, 0.08631471560613735, 0.08571537197560565, 0.08571537197560565, 0.08571537197560565, 0.08571537197560565, 0.08571537197560565, 0.07298903416363012, 0.07298903416363012, 0.07298903416363012, 0.07298903416363012, 0.07298903416363012, 0.07298903416363012, 0.08208897687695729, 0.08208897687695729, 0.08098579344219183, 0.07932002015387091, 0.07982303297682497, 0.07982303297682497, 0.0721186383189875, 0.0721186383189875, 0.0721186383189875, 0.0721186383189875, 0.0721186383189875, 0.0721186383189875, 0.06876459361902787, 0.06876459361902787, 0.06876459361902787, 0.06876459361902787, 0.06912589226813741, 0.06967698979631592, 0.06843813832389203, 0.06843813832389203, 0.06843813832389203, 0.06843813832389203, 0.06767504347020825, 0.06767504347020825, 0.06423884256833826, 0.06423884256833826, 0.06423884256833826, 0.06423884256833826, 0.06423884256833826, 0.06423884256833826, 0.06491243212876445, 0.06491243212876445, 0.06448904137790608, 0.06448904137790608, 0.06497191767783166, 0.06839202779701659, 0.06683492160445723, 0.06683492160445723, 0.06732427974760155, 0.06781085349281611, 0.07232586223247026, 0.07232586223247026, 0.07175098598295206, 0.07513072938633876, 0.0756865577871783, 0.0756865577871783, 0.07781876674632064, 0.07781876674632064, 0.07046229543340139, 0.07046229543340139, 0.06808718579791258, 0.0685245200539406, 0.07688277867290479, 0.07592277845128352, 0.07719895148980742, 0.07719895148980742, 0.06678181179992151, 0.06678181179992151, 0.06595975643571363, 0.06595975643571363, 0.06713837794727527, 0.0687810922842439, 0.0687810922842439, 0.0687810922842439, 0.08491998022886223, 0.08390526490291925, 0.08302085718467268, 0.08234303467701563, 0.07085215353800645, 0.07083331704013582, 0.07083331704013582, 0.07083331704013582, 0.04618962223283834, 0.04828282132122665, 0.04775201960419976, 0.04775201960419976, 0.05079804248282182, 0.05143821314768878, 0.049449175757781336, 0.049449175757781336, 0.08300217797385938, 0.08363481856029635, 0.08363481856029635, 0.0836220661643208, 0.094783428399358, 0.09262222196935363, 0.0914574013583025, 0.0673198353465732
Occupy-Asia-Africa, 0.08333333333333333, 0.08333333333333333, 0.08333333333333333, 0.08445945837098895, 0.08445945837098895, 0.08445945837098895, 0.08445945837098895, 0.08445945837098895, 0.08559298603135368, 0.08559298603135368, 0.08559298603135368, 0.08559298603135368, 0.08559298603135368, 0.08559298603135368, 0.08675163366082173, 0.08675163366082173, 0.08675163366082173, 0.08675163366082173, 0.08675163366082173, 0.08675163366082173, 0.08791795129868371, 0.08791795129868371, 0.08791795129868371, 0.08791795129868371, 0.08791795129868371, 0.08791795129868371, 0.08909177500773809, 0.08909177500773809, 0.08909177500773809, 0.08909177500773809, 0.08909177500773809, 0.08909177500773809, 0.09027293565124099, 0.09027293565124099, 0.09027293565124099, 0.09027293565124099, 0.09027293565124099, 0.09027293565124099, 0.09027293565124099, 0.0914803514580057, 0.0914803514580057, 0.0914803514580057, 0.0914803514580057, 0.0914803514580057, 0.09269537145169567, 0.09269537145169567, 0.09269537145169567, 0.09269537145169567, 0.09269537145169567, 0.09269537145169567, 0.09391781742850662, 0.09391781742850662, 0.09391781742850662, 0.09391781742850662, 0.09391781742850662, 0.09391781742850662, 0.09514750595091699, 0.09514750595091699, 0.09514750595091699, 0.09514750595091699, 0.09514750595091699, 0.09514750595091699, 0.09640461199412415, 0.09640461199412415, 0.09640461199412415, 0.09640461199412415, 0.09640461199412415, 0.09640461199412415, 0.09766922702695822, 0.09766922702695822, 0.09766922702695822, 0.09766922702695822, 0.09766922702695822, 0.09766922702695822, 0.09894115817553113, 0.09894115817553113, 0.09894115817553113, 0.09894115817553113, 0.09991926669550436, 0.09991926669550436, 0.16621313226534953, 0.1682644006866577, 0.1682644006866577, 0.1682644006866577, 0.1682644006866577, 0.1682644006866577, 0.2034692204278054, 0.2034692204278054, 0.2034692204278054, 0.2007648760335975, 0.2007648760335975, 0.2007648760335975, 0.27440467007576064, 0.27249928592378686, 0.27249928592378686, 0.27249928592378686, 0.27249928592378686, 0.27249928592378686, 0.19785108140858507, 0.19785108140858507, 0.19785108140858507, 0.19785108140858507, 0.19785108140858507, 0.19785108140858507, 0.2148452160974502, 0.2148452160974502, 0.21195793826241793, 0.20759823692718143, 0.20473644331521615, 0.20473644331521615, 0.1521954044707596, 0.1521954044707596, 0.1521954044707596, 0.1521954044707596, 0.1521954044707596, 0.1521954044707596, 0.1602744658200269, 0.1602744658200269, 0.1602744658200269, 0.1602744658200269, 0.15783108404366664, 0.15908937261589665, 0.17452883327468482, 0.17452883327468482, 0.17452883327468482, 0.17452883327468482, 0.17955515117369522, 0.17955515117369522, 0.2082658021508867, 0.2082658021508867, 0.2082658021508867, 0.2082658021508867, 0.2082658021508867, 0.2082658021508867, 0.2625401496487704, 0.2625401496487704, 0.26082773389966146, 0.26082773389966146, 0.2575251308176812, 0.25410793783043667, 0.258561599588449, 0.258561599588449, 0.2552456697175207, 0.2519486071493998, 0.16628508144807286, 0.16628508144807286, 0.16496337796576332, 0.16589352717718087, 0.2270234096282664, 0.2270234096282664, 0.21969212229871288, 0.21969212229871288, 0.2688526018592476, 0.2688526018592476, 0.27061036363411767, 0.2723485347843347, 0.2619155733938915, 0.26392362035768935, 0.26309791422822076, 0.26309791422822076, 0.2949086734357765, 0.2949086734357765, 0.2972229274575801, 0.2972229274575801, 0.29670358654148354, 0.2919262767014374, 0.2919262767014374, 0.2919262767014374, 0.25895618047827146, 0.2610835595215172, 0.2583315949646413, 0.26145147515943196, 0.2810906248365557, 0.28112834622135296, 0.28112834622135296, 0.28112834622135296, 0.2874632797173056, 0.2828191793198996, 0.2797099801910338, 0.2797099801910338, 0.2587963341765172, 0.26205775554666033, 0.26755815694119295, 0.26755815694119295, 0.17615833642754378, 0.17402060226708263, 0.17402060226708263, 0.17406369345201306, 0.15754503273499051, 0.16357210559858068, 0.16151501653352565, 0.18040603897096932
Occupy-Europe-South-America-Australia, 0.08333333333333333, 0.08333333333333333, 0.08166666825612386, 0.0827702708145055, 0.0827702708145055, 0.0827702708145055, 0.0827702708145055, 0.0827702708145055, 0.08220350698432313, 0.08220350698432313, 0.08220350698432313, 0.08220350698432313, 0.08220350698432313, 0.08220350698432313, 0.08164994835589136, 0.08164994835589136, 0.08164994835589136, 0.08164994835589136, 0.08164994835589136, 0.08164994835589136, 0.08109272528348309, 0.08109272528348309, 0.08109272528348309, 0.08109272528348309, 0.08109272528348309, 0.08109272528348309, 0.08053191609017966, 0.08053191609017966, 0.08053191609017966, 0.08053191609017966, 0.08053191609017966, 0.08053191609017966, 0.07996760158320973, 0.07996760158320973, 0.07996760158320973, 0.07996760158320973, 0.07996760158320973, 0.07996760158320973, 0.07996760158320973, 0.07941643971070898, 0.07941643971070898, 0.07941643971070898, 0.07941643971070898, 0.07941643971070898, 0.07886180667452033, 0.07886180667452033, 0.07886180667452033, 0.07886180667452033, 0.07886180667452033, 0.07886180667452033, 0.07830378382122052, 0.07830378382122052, 0.07830378382122052, 0.07830378382122052, 0.07830378382122052, 0.07830378382122052, 0.07774245488647645, 0.07774245488647645, 0.07774245488647645, 0.07774245488647645, 0.07774245488647645, 0.07774245488647645, 0.07719421170708363, 0.07719421170708363, 0.07719421170708363, 0.07719421170708363, 0.07719421170708363, 0.07719421170708363, 0.07664269374242567, 0.07664269374242567, 0.07664269374242567, 0.07664269374242567, 0.07664269374242567, 0.07664269374242567, 0.07608798510775605, 0.07608798510775605, 0.07608798510775605, 0.07608798510775605, 0.07530337066168556, 0.07530337066168556, 0.04983504929291811, 0.04944107277416885, 0.04944107277416885, 0.04944107277416885, 0.04944107277416885, 0.04944107277416885, 0.04015652225832855, 0.04015652225832855, 0.04015652225832855, 0.04043142269909622, 0.04043142269909622, 0.04043142269909622, 0.030258228172527404, 0.0306613504895378, 0.0306613504895378, 0.0306613504895378, 0.0306613504895378, 0.0306613504895378, 0.044106647915166, 0.044106647915166, 0.044106647915166, 0.044106647915166, 0.044106647915166, 0.044106647915166, 0.03541883026827757, 0.03541883026827757, 0.036398190759632965, 0.037876995185737714, 0.038117194497795825, 0.038117194497795825, 0.047790970030480294, 0.047790970030480294, 0.047790970030480294, 0.047790970030480294, 0.047790970030480294, 0.047790970030480294, 0.045568340021471115, 0.045568340021471115, 0.045568340021471115, 0.045568340021471115, 0.045807762358250056, 0.04617295901291453, 0.045352007384169765, 0.045352007384169765, 0.045352007384169765, 0.045352007384169765, 0.04484632613265321, 0.04484632613265321, 0.042569253545763505, 0.042569253545763505, 0.042569253545763505, 0.042569253545763505, 0.042569253545763505, 0.042569253545763505, 0.03292617963720816, 0.03292617963720816, 0.03339235517371181, 0.03339235517371181, 0.03364238799428971, 0.03318589266484964, 0.03243033736639567, 0.03243033736639567, 0.03266778882581512, 0.03290388921064577, 0.04322022710862729, 0.04322022710862729, 0.04375172837204115, 0.04225608742291354, 0.05518367178571397, 0.05518367178571397, 0.05673828231128081, 0.05673828231128081, 0.04881841433102187, 0.04881841433102187, 0.04813557699624607, 0.04747586480473825, 0.052315528331209324, 0.051662288169249684, 0.052530670762918244, 0.052530670762918244, 0.04544224113038659, 0.04544224113038659, 0.04488286669779735, 0.04488286669779735, 0.04656342472435995, 0.04770271953176704, 0.04770271953176704, 0.04770271953176704, 0.052774037698799264, 0.052143436693941, 0.052646750142342554, 0.052216916563027675, 0.045928549239670886, 0.04591633884130254, 0.04591633884130254, 0.04591633884130254, 0.0478746442599757, 0.049023703942401124, 0.04947424114210361, 0.04947424114210361, 0.055947344136382256, 0.05440897446608579, 0.05230506225885495, 0.05230506225885495, 0.07379600306571439, 0.07435847441039285, 0.07435847441039285, 0.07434713644462523, 0.08564383707471357, 0.0836910272375736, 0.08432502455630078, 0.06775253754676298
Occupy-Europe-Australia-South-America, 0.08333333333333333, 0.08333333333333333, 0.08166666825612386, 0.0827702708145055, 0.0827702708145055, 0.0827702708145055, 0.0827702708145055, 0.0827702708145055, 0.08220350698432313, 0.08220350698432313, 0.08220350698432313, 0.08220350698432313, 0.08220350698432313, 0.08220350698432313, 0.08164994835589136, 0.08164994835589136, 0.08164994835589136, 0.08164994835589136, 0.08164994835589136, 0.08164994835589136, 0.08109272528348309, 0.08109272528348309, 0.08109272528348309, 0.08109272528348309, 0.08109272528348309, 0.08109272528348309, 0.08053191609017966, 0.08053191609017966, 0.08053191609017966, 0.08053191609017966, 0.08053191609017966, 0.08053191609017966, 0.07996760158320973, 0.07996760158320973, 0.07996760158320973, 0.07996760158320973, 0.07996760158320973, 0.07996760158320973, 0.07996760158320973, 0.07941643971070898, 0.07941643971070898, 0.07941643971070898, 0.07941643971070898, 0.07941643971070898, 0.07886180667452033, 0.07886180667452033, 0.07886180667452033, 0.07886180667452033, 0.07886180667452033, 0.07886180667452033, 0.07830378382122052, 0.07830378382122052, 0.07830378382122052, 0.07830378382122052, 0.07830378382122052, 0.07830378382122052, 0.07774245488647645, 0.07774245488647645, 0.07774245488647645, 0.07774245488647645, 0.07774245488647645, 0.07774245488647645, 0.07719421170708363, 0.07719421170708363, 0.07719421170708363, 0.07719421170708363, 0.07719421170708363, 0.07719421170708363, 0.07664269374242567, 0.07664269374242567, 0.07664269374242567, 0.07664269374242567, 0.07664269374242567, 0.07664269374242567, 0.07608798510775605, 0.07608798510775605, 0.07608798510775605, 0.07608798510775605, 0.07530337066168556, 0.07530337066168556, 0.04983504929291811, 0.04944107277416885, 0.04944107277416885, 0.04944107277416885, 0.04944107277416885, 0.04944107277416885, 0.04015652225832855, 0.04015652225832855, 0.04015652225832855, 0.04043142269909622, 0.04043142269909622, 0.04043142269909622, 0.030258228172527404, 0.0306613504895378, 0.0306613504895378, 0.0306613504895378, 0.0306613504895378, 0.0306613504895378, 0.044106647915166, 0.044106647915166, 0.044106647915166, 0.044106647915166, 0.044106647915166, 0.044106647915166, 0.03541883026827757, 0.03541883026827757, 0.036398190759632965, 0.037876995185737714, 0.038117194497795825, 0.038117194497795825, 0.047790970030480294, 0.047790970030480294, 0.047790970030480294, 0.047790970030480294, 0.047790970030480294, 0.047790970030480294, 0.045568340021471115, 0.045568340021471115, 0.045568340021471115, 0.045568340021471115, 0.045807762358250056, 0.04617295901291453, 0.045352007384169765, 0.045352007384169765, 0.045352007384169765, 0.045352007384169765, 0.04484632613265321, 0.04484632613265321, 0.042569253545763505, 0.042569253545763505, 0.042569253545763505, 0.042569253545763505, 0.042569253545763505, 0.042569253545763505, 0.03292617963720816, 0.03292617963720816, 0.03339235517371181, 0.03339235517371181, 0.03364238799428971, 0.03318589266484964, 0.03243033736639567, 0.03243033736639567, 0.03266778882581512, 0.03290388921064577, 0.04322022710862729, 0.04322022710862729, 0.04375172837204115, 0.04225608742291354, 0.05518367178571397, 0.05518367178571397, 0.05673828231128081, 0.05673828231128081, 0.04881841433102187, 0.04881841433102187, 0.04813557699624607, 0.04747586480473825, 0.052315528331209324, 0.051662288169249684, 0.052530670762918244, 0.052530670762918244, 0.04544224113038659, 0.04544224113038659, 0.04488286669779735, 0.04488286669779735, 0.04656342472435995, 0.04770271953176704, 0.04770271953176704, 0.04770271953176704, 0.052774037698799264, 0.052143436693941, 0.052646750142342554, 0.052216916563027675, 0.045928549239670886, 0.04591633884130254, 0.04591633884130254, 0.04591633884130254, 0.0478746442599757, 0.049023703942401124, 0.04947424114210361, 0.04947424114210361, 0.055947344136382256, 0.05440897446608579, 0.05230506225885495, 0.05230506225885495, 0.07379600306571439, 0.07435847441039285, 0.07435847441039285, 0.07434713644462523, 0.08564383707471357, 0.0836910272375736, 0.08432502455630078, 0.06775253754676298
Occupy-Europe-Australia-North-America, 0.08333333333333333, 0.08333333333333333, 0.08333333333333333, 0.0827702708145055, 0.0827702708145055, 0.0827702708145055, 0.0827702708145055, 0.0827702708145055, 0.08220350698432313, 0.08220350698432313, 0.08220350698432313, 0.08220350698432313, 0.08220350698432313, 0.08220350698432313, 0.08164994835589136, 0.08164994835589136, 0.08164994835589136, 0.08164994835589136, 0.08164994835589136, 0.08164994835589136, 0.08109272528348309, 0.08109272528348309, 0.08109272528348309, 0.08109272528348309, 0.08109272528348309, 0.08109272528348309, 0.08053191609017966, 0.08053191609017966, 0.08053191609017966, 0.08053191609017966, 0.08053191609017966, 0.08053191609017966, 0.07996760158320973, 0.07996760158320973, 0.07996760158320973, 0.07996760158320973, 0.07996760158320973, 0.07996760158320973, 0.07996760158320973, 0.07941643971070898, 0.07941643971070898, 0.07941643971070898, 0.07941643971070898, 0.07941643971070898, 0.07886180667452033, 0.07886180667452033, 0.07886180667452033, 0.07886180667452033, 0.07886180667452033, 0.07886180667452033, 0.07830378382122052, 0.07830378382122052, 0.07830378382122052, 0.07830378382122052, 0.07830378382122052, 0.07830378382122052, 0.07774245488647645, 0.07774245488647645, 0.07774245488647645, 0.07774245488647645, 0.07774245488647645, 0.07774245488647645, 0.07719421170708363, 0.07719421170708363, 0.07719421170708363, 0.07719421170708363, 0.07719421170708363, 0.07719421170708363, 0.07664269374242567, 0.07664269374242567, 0.07664269374242567, 0.07664269374242567, 0.07664269374242567, 0.07664269374242567, 0.07608798510775605, 0.07608798510775605, 0.07608798510775605, 0.07608798510775605, 0.07684017264905671, 0.07684017264905671, 0.05431812394464545, 0.05388870598117725, 0.05388870598117725, 0.05388870598117725, 0.05388870598117725, 0.05388870598117725, 0.03960897062873347, 0.03960897062873347, 0.03960897062873347, 0.039880122682542964, 0.039880122682542964, 0.039880122682542964, 0.032488665014771524, 0.03292150284792728, 0.03292150284792728, 0.03292150284792728, 0.03292150284792728, 0.03292150284792728, 0.04735789884555579, 0.04735789884555579, 0.04735789884555579, 0.04735789884555579, 0.04735789884555579, 0.04735789884555579, 0.03889398337280975, 0.03889398337280975, 0.0399694347747404, 0.041593333540591776, 0.041857100242614, 0.041857100242614, 0.05248002770438024, 0.05248002770438024, 0.05248002770438024, 0.05248002770438024, 0.05248002770438024, 0.05248002770438024, 0.0530416804811139, 0.0530416804811139, 0.0530416804811139, 0.0530416804811139, 0.0533203687783283, 0.05267055059797623, 0.050192396940598794, 0.050192396940598794, 0.050192396940598794, 0.050192396940598794, 0.04963274466574938, 0.04963274466574938, 0.04522813597204892, 0.04522813597204892, 0.04522813597204892, 0.04522813597204892, 0.04522813597204892, 0.04522813597204892, 0.032506448100071125, 0.032506448100071125, 0.03296668099225137, 0.03296668099225137, 0.03321352648100784, 0.03347508627413647, 0.03271294679950913, 0.03271294679950913, 0.032952467494952266, 0.033190625342064635, 0.04203166174968816, 0.04203166174968816, 0.04254854661628535, 0.041094036108630806, 0.021469970563914604, 0.021469970563914604, 0.022074813285360928, 0.022074813285360928, 0.016320289755008616, 0.016320289755008616, 0.01676223642855535, 0.016532505065208092, 0.018589611405249923, 0.018357491398963227, 0.017934057699291083, 0.017934057699291083, 0.015858812926175112, 0.015858812926175112, 0.015983262713181547, 0.015983262713181547, 0.015314620091320461, 0.01568933194404047, 0.01568933194404047, 0.01568933194404047, 0.011919812014595991, 0.011777381270959774, 0.011891062201033862, 0.012280276289108607, 0.010801389881769465, 0.010798518263232158, 0.010798518263232158, 0.010798518263232158, 0.011259068850717296, 0.011529302547029626, 0.011635259038814997, 0.011635259038814997, 0.013157591234007893, 0.012795800346504555, 0.012301006228172477, 0.012301006228172477, 0.007803448829660832, 0.007708751641489792, 0.007708751641489792, 0.0077106604915813245, 0.0090408711658419, 0.009386740459979021, 0.009457849257178045, 0.007974125303535804
Occupy-Europe-Australia-Africa, 0.08333333333333333, 0.08333333333333333, 0.08333333333333333, 0.0827702708145055, 0.0827702708145055, 0.0827702708145055, 0.0827702708145055, 0.0827702708145055, 0.08220350698432313, 0.08220350698432313, 0.08220350698432313, 0.08220350698432313, 0.08220350698432313, 0.08220350698432313, 0.08331627221097916, 0.08331627221097916, 0.08331627221097916, 0.08331627221097916, 0.08331627221097916, 0.08331627221097916, 0.08443640371398348, 0.08443640371398348, 0.08443640371398348, 0.08443640371398348, 0.08443640371398348, 0.08443640371398348, 0.08556374404804157, 0.08556374404804157, 0.08556374404804157, 0.08556374404804157, 0.08556374404804157, 0.08556374404804157, 0.08669813077421831, 0.08669813077421831, 0.08669813077421831, 0.08669813077421831, 0.08669813077421831, 0.08669813077421831, 0.08669813077421831, 0.08610057997672302, 0.08610057997672302, 0.08610057997672302, 0.08610057997672302, 0.08610057997672302, 0.08549926586261707, 0.08549926586261707, 0.08549926586261707, 0.08549926586261707, 0.08549926586261707, 0.08549926586261707, 0.0848942766250688, 0.0848942766250688, 0.0848942766250688, 0.0848942766250688, 0.0848942766250688, 0.0848942766250688, 0.08428570304741617, 0.08428570304741617, 0.08428570304741617, 0.08428570304741617, 0.08428570304741617, 0.08428570304741617, 0.08539930098777132, 0.08539930098777132, 0.08539930098777132, 0.08539930098777132, 0.08539930098777132, 0.08539930098777132, 0.08651955071015224, 0.08651955071015224, 0.08651955071015224, 0.08651955071015224, 0.08651955071015224, 0.08651955071015224, 0.0858933574032214, 0.0858933574032214, 0.0858933574032214, 0.0858933574032214, 0.08674247849937988, 0.08674247849937988, 0.11994288928122437, 0.11661477636537183, 0.11661477636537183, 0.11661477636537183, 0.11661477636537183, 0.11661477636537183, 0.12960889729277544, 0.12960889729277544, 0.12960889729277544, 0.1304961639431091, 0.1304961639431091, 0.1304961639431091, 0.10847934188264163, 0.10772609370074057, 0.10772609370074057, 0.10772609370074057, 0.10772609370074057, 0.10772609370074057, 0.1481774495981182, 0.1481774495981182, 0.1481774495981182, 0.1481774495981182, 0.1481774495981182, 0.1481774495981182, 0.16377824145407582, 0.16377824145407582, 0.161577246267865, 0.15825381076895145, 0.15925738711630621, 0.15925738711630621, 0.1996753726260758, 0.1996753726260758, 0.1996753726260758, 0.1996753726260758, 0.1996753726260758, 0.1996753726260758, 0.1903890058715246, 0.1903890058715246, 0.1903890058715246, 0.1903890058715246, 0.19138933593975405, 0.19291516347695234, 0.1894851468383898, 0.1894851468383898, 0.1894851468383898, 0.1894851468383898, 0.18737236084006856, 0.18737236084006856, 0.17785852764116428, 0.17785852764116428, 0.17785852764116428, 0.17785852764116428, 0.17785852764116428, 0.17785852764116428, 0.17972349971509938, 0.17972349971509938, 0.17855125481538078, 0.17855125481538078, 0.1798881977661541, 0.19299897030960939, 0.18860489249810483, 0.18860489249810483, 0.18998583733600005, 0.19135892473859634, 0.1395601833398425, 0.1395601833398425, 0.13845090054245798, 0.13371799411796068, 0.07645566974623802, 0.07645566974623802, 0.07860954579472405, 0.07860954579472405, 0.07541775671032298, 0.07541775671032298, 0.07591083897538231, 0.07487045867738458, 0.08700285995328536, 0.08591649488846137, 0.08564769827088045, 0.08564769827088045, 0.07573694961899649, 0.07573694961899649, 0.0763312845980695, 0.0763312845980695, 0.07173154641351188, 0.07348664451550868, 0.07348664451550868, 0.07348664451550868, 0.05735701925109126, 0.05667165584983239, 0.056074305374896216, 0.057909709921768186, 0.04982847273982982, 0.04981522552187255, 0.04981522552187255, 0.04981522552187255, 0.0520557435888558, 0.05330515561313765, 0.052719140393819884, 0.052719140393819884, 0.0573651340404361, 0.055787779767368637, 0.053630551258310205, 0.053630551258310205, 0.040042579347076744, 0.03955665065656353, 0.03955665065656353, 0.03956644572063332, 0.04567804290869081, 0.04742551084276382, 0.04682908580193984, 0.034469887606651886
Occupy-North-America-Australia, 0.08333333333333333, 0.08333333333333333, 0.08166666825612386, 0.0827702708145055, 0.0827702708145055, 0.0827702708145055, 0.0827702708145055, 0.0827702708145055, 0.08220350698432313, 0.08220350698432313, 0.08220350698432313, 0.08220350698432313, 0.08220350698432313, 0.08220350698432313, 0.08164994835589136, 0.08164994835589136, 0.08164994835589136, 0.08164994835589136, 0.08164994835589136, 0.08164994835589136, 0.08109272528348309, 0.08109272528348309, 0.08109272528348309, 0.08109272528348309, 0.08109272528348309, 0.08109272528348309, 0.08053191609017966, 0.08053191609017966, 0.08053191609017966, 0.08053191609017966, 0.08053191609017966, 0.08053191609017966, 0.07996760158320973, 0.07996760158320973, 0.07996760158320973, 0.07996760158320973, 0.07996760158320973, 0.07996760158320973, 0.07996760158320973, 0.07941643971070898, 0.07941643971070898, 0.07941643971070898, 0.07941643971070898, 0.07941643971070898, 0.07886180667452033, 0.07886180667452033, 0.07886180667452033, 0.07886180667452033, 0.07886180667452033, 0.07886180667452033, 0.07830378382122052, 0.07830378382122052, 0.07830378382122052, 0.07830378382122052, 0.07830378382122052, 0.07830378382122052, 0.07774245488647645, 0.07774245488647645, 0.07774245488647645, 0.07774245488647645, 0.07774245488647645, 0.07774245488647645, 0.07719421170708363, 0.07719421170708363, 0.07719421170708363, 0.07719421170708363, 0.07719421170708363, 0.07719421170708363, 0.07664269374242567, 0.07664269374242567, 0.07664269374242567, 0.07664269374242567, 0.07664269374242567, 0.07664269374242567, 0.07608798510775605, 0.07608798510775605, 0.07608798510775605, 0.07608798510775605, 0.07684017264905671, 0.07684017264905671, 0.07595648273585046, 0.07846313764027057, 0.07846313764027057, 0.07846313764027057, 0.07846313764027057, 0.07846313764027057, 0.06665606616874549, 0.06665606616874549, 0.06665606616874549, 0.06711237515515994, 0.06711237515515994, 0.06711237515515994, 0.06987686299284777, 0.07080781383221882, 0.07080781383221882, 0.07080781383221882, 0.07080781383221882, 0.07080781383221882, 0.11117086666821661, 0.11117086666821661, 0.11117086666821661, 0.11117086666821661, 0.11117086666821661, 0.11117086666821661, 0.09738895674879057, 0.09738895674879057, 0.10008184343679362, 0.10414802007794667, 0.10480848120091232, 0.10480848120091232, 0.1314078606782722, 0.1314078606782722, 0.1314078606782722, 0.1314078606782722, 0.1314078606782722, 0.1314078606782722, 0.1328142164494682, 0.1328142164494682, 0.1328142164494682, 0.1328142164494682, 0.13351204064154573, 0.131884922275852, 0.125679726036582, 0.125679726036582, 0.125679726036582, 0.125679726036582, 0.12427837944095985, 0.12427837944095985, 0.11560878080512928, 0.11560878080512928, 0.11560878080512928, 0.11560878080512928, 0.11560878080512928, 0.11560878080512928, 0.09609698818001218, 0.09609698818001218, 0.0974575488498136, 0.0974575488498136, 0.09818728431467565, 0.09199949099625725, 0.0936119341899053, 0.0936119341899053, 0.09429735075345619, 0.09497886736665923, 0.14717353080982762, 0.14717353080982762, 0.14898339907752323, 0.14389044205178528, 0.10183520472891668, 0.10183520472891668, 0.10470406205612723, 0.10470406205612723, 0.0907810645209639, 0.0907810645209639, 0.09323937807350109, 0.09196150506808363, 0.08475375404998778, 0.08540354175174694, 0.08343362457389718, 0.08343362457389718, 0.07698686411739616, 0.07698686411739616, 0.07759100762336373, 0.07759100762336373, 0.05865865363426943, 0.0600938895493814, 0.0600938895493814, 0.0600938895493814, 0.0540799271974397, 0.053455104020104914, 0.05397107831034859, 0.055737640764722644, 0.05222258235773864, 0.05222959044676817, 0.05222959044676817, 0.05222959044676817, 0.07723296472695435, 0.07908666593546904, 0.07981348749603974, 0.07981348749603974, 0.08190646457005744, 0.07965430367054033, 0.0797315598055359, 0.0797315598055359, 0.07188392953102632, 0.07101159652162677, 0.07101159652162677, 0.07102918049615652, 0.07159401793879205, 0.07433293236359731, 0.07489603788837322, 0.07362246336854551
Occupy-Asia-South-America, 0.08333333333333333, 0.08333333333333333, 0.08333333333333333, 0.08445945837098895, 0.08445945837098895, 0.08445945837098895, 0.08445945837098895, 0.08445945837098895, 0.08559298603135368, 0.08559298603135368, 0.08559298603135368, 0.08559298603135368, 0.08559298603135368, 0.08559298603135368, 0.0850166026422614, 0.0850166026422614, 0.0850166026422614, 0.0850166026422614, 0.0850166026422614, 0.0850166026422614, 0.08443640371398349, 0.08443640371398349, 0.08443640371398349, 0.08443640371398349, 0.08443640371398349, 0.08443640371398349, 0.08385247079907965, 0.08385247079907965, 0.08385247079907965, 0.08385247079907965, 0.08385247079907965, 0.08385247079907965, 0.08326488803668511, 0.08326488803668511, 0.08326488803668511, 0.08326488803668511, 0.08326488803668511, 0.08326488803668511, 0.08326488803668511, 0.08437857001942681, 0.08437857001942681, 0.08437857001942681, 0.08437857001942681, 0.08437857001942681, 0.08549926586261708, 0.08549926586261708, 0.08549926586261708, 0.08549926586261708, 0.08549926586261708, 0.08549926586261708, 0.08662681119672809, 0.08662681119672809, 0.08662681119672809, 0.08662681119672809, 0.08662681119672809, 0.08662681119672809, 0.08776103682481742, 0.08776103682481742, 0.08776103682481742, 0.08776103682481742, 0.08776103682481742, 0.08776103682481742, 0.08714214216904785, 0.08714214216904785, 0.08714214216904785, 0.08714214216904785, 0.08714214216904785, 0.08714214216904785, 0.08651955071015227, 0.08651955071015227, 0.08651955071015227, 0.08651955071015227, 0.08651955071015227, 0.08651955071015227, 0.08764628135867478, 0.08764628135867478, 0.08764628135867478, 0.08764628135867478, 0.08674247849937991, 0.08674247849937991, 0.06814315233530434, 0.0703919579783718, 0.0703919579783718, 0.0703919579783718, 0.0703919579783718, 0.0703919579783718, 0.06159323360126927, 0.06159323360126927, 0.06159323360126927, 0.06077458734283023, 0.06077458734283023, 0.06077458734283023, 0.07544774973249917, 0.07645292001252899, 0.07645292001252899, 0.07645292001252899, 0.07645292001252899, 0.07645292001252899, 0.0587462952965817, 0.0587462952965817, 0.0587462952965817, 0.0587462952965817, 0.0587462952965817, 0.0587462952965817, 0.04610270678370929, 0.04610270678370929, 0.047377485460094494, 0.04930236232166099, 0.04862271692757983, 0.04862271692757983, 0.03614478179571989, 0.03614478179571989, 0.03614478179571989, 0.03614478179571989, 0.03614478179571989, 0.03614478179571989, 0.03806347251176976, 0.03806347251176976, 0.03806347251176976, 0.03806347251176976, 0.037483195456379764, 0.037782025542856125, 0.04144873242205573, 0.04144873242205573, 0.04144873242205573, 0.04144873242205573, 0.04264242919842953, 0.04264242919842953, 0.04946090192690822, 0.04946090192690822, 0.04946090192690822, 0.04946090192690822, 0.04946090192690822, 0.04946090192690822, 0.04761342705262601, 0.04761342705262601, 0.04828754762007721, 0.04828754762007721, 0.04767613026346788, 0.04358420276732649, 0.04434808798388286, 0.04434808798388286, 0.04377934479116446, 0.043213837689212234, 0.05196287544674439, 0.05196287544674439, 0.052601889533392926, 0.05289848630942834, 0.16670407408259869, 0.16670407408259869, 0.16132068446604814, 0.16132068446604814, 0.1785020369306152, 0.1785020369306152, 0.17600527711528668, 0.17713578553654352, 0.15970329001214317, 0.16092769871171728, 0.1636327049619742, 0.1636327049619742, 0.18014197198713952, 0.18014197198713952, 0.17792450183471714, 0.17792450183471714, 0.19622716014229757, 0.19306765016144653, 0.19306765016144653, 0.19306765016144653, 0.23960527302643125, 0.24157368032818463, 0.24390546530052343, 0.2370758254483016, 0.2596040511458251, 0.25963888910711913, 0.25963888910711913, 0.25963888910711913, 0.26606152470831085, 0.2617631794245326, 0.26416883302389566, 0.26416883302389566, 0.25488322135655134, 0.25809532862100815, 0.26351256156077735, 0.26351256156077735, 0.3310341439391717, 0.33355727815160513, 0.33355727815160513, 0.3335064182996352, 0.3025426718271732, 0.29564423843279714, 0.29788387702549185, 0.35821781167606365
Occupy-Europe-South-America-Asia, 0.08333333333333333, 0.08333333333333333, 0.08333333333333333, 0.08445945837098895, 0.08445945837098895, 0.08445945837098895, 0.08445945837098895, 0.08445945837098895, 0.08559298603135368, 0.08559298603135368, 0.08559298603135368, 0.08559298603135368, 0.08559298603135368, 0.08559298603135368, 0.0850166026422614, 0.0850166026422614, 0.0850166026422614, 0.0850166026422614, 0.0850166026422614, 0.0850166026422614, 0.08443640371398349, 0.08443640371398349, 0.08443640371398349, 0.08443640371398349, 0.08443640371398349, 0.08443640371398349, 0.08385247079907965, 0.08385247079907965, 0.08385247079907965, 0.08385247079907965, 0.08385247079907965, 0.08385247079907965, 0.08326488803668511, 0.08326488803668511, 0.08326488803668511, 0.08326488803668511, 0.08326488803668511, 0.08326488803668511, 0.08326488803668511, 0.08437857001942681, 0.08437857001942681, 0.08437857001942681, 0.08437857001942681, 0.08437857001942681, 0.08549926586261708, 0.08549926586261708, 0.08549926586261708, 0.08549926586261708, 0.08549926586261708, 0.08549926586261708, 0.08662681119672809, 0.08662681119672809, 0.08662681119672809, 0.08662681119672809, 0.08662681119672809, 0.08662681119672809, 0.08776103682481742, 0.08776103682481742, 0.08776103682481742, 0.08776103682481742, 0.08776103682481742, 0.08776103682481742, 0.08714214216904785, 0.08714214216904785, 0.08714214216904785, 0.08714214216904785, 0.08714214216904785, 0.08714214216904785, 0.08651955071015227, 0.08651955071015227, 0.08651955071015227, 0.08651955071015227, 0.08651955071015227, 0.08651955071015227, 0.08764628135867478, 0.08764628135867478, 0.08764628135867478, 0.08764628135867478, 0.08674247849937991, 0.08674247849937991, 0.047540033291776154, 0.04716420027699514, 0.04716420027699514, 0.04716420027699514, 0.04716420027699514, 0.04716420027699514, 0.03569403645290048, 0.03569403645290048, 0.03569403645290048, 0.03521962087699619, 0.03521962087699619, 0.03521962087699619, 0.03453991228731015, 0.03500007834168733, 0.03500007834168733, 0.03500007834168733, 0.03500007834168733, 0.03500007834168733, 0.02398328258971506, 0.02398328258971506, 0.02398328258971506, 0.02398328258971506, 0.02398328258971506, 0.02398328258971506, 0.017508385521200823, 0.017508385521200823, 0.017992507128746976, 0.01872351596801656, 0.018465407618042492, 0.018465407618042492, 0.01372667286604444, 0.01372667286604444, 0.01372667286604444, 0.01372667286604444, 0.01372667286604444, 0.01372667286604444, 0.01445533239812251, 0.01445533239812251, 0.01445533239812251, 0.01445533239812251, 0.014234961077138267, 0.014348447523474445, 0.015740949658662542, 0.015740949658662542, 0.015740949658662542, 0.015740949658662542, 0.016194278862394933, 0.016194278862394933, 0.018422498948711532, 0.018422498948711532, 0.018422498948711532, 0.018422498948711532, 0.018422498948711532, 0.018422498948711532, 0.015363985205641252, 0.015363985205641252, 0.015581511627624936, 0.015581511627624936, 0.015384218389080367, 0.015184187109403648, 0.014838483194216273, 0.014838483194216273, 0.014648186685603684, 0.014458972944718675, 0.01406239361112505, 0.01406239361112505, 0.014235326065925686, 0.014315592228499298, 0.035110347061821034, 0.035110347061821034, 0.033976525474998624, 0.033976525474998624, 0.03225991690827825, 0.03225991690827825, 0.03180868808440924, 0.03201300008196942, 0.03534183484542162, 0.03490053745906604, 0.03548717464284393, 0.03548717464284393, 0.03764691616237533, 0.03764691616237533, 0.03718349882548298, 0.03718349882548298, 0.052103455814632854, 0.05126452307686207, 0.05126452307686207, 0.05126452307686207, 0.05454693150648189, 0.054973047951380874, 0.05550367416414771, 0.05394950601728338, 0.05589758808006602, 0.05588272734900471, 0.05588272734900471, 0.05588272734900471, 0.03947656347429484, 0.03883880158589127, 0.039195737588255904, 0.039195737588255904, 0.04185366943098032, 0.04238112068849312, 0.041557152643341824, 0.041557152643341824, 0.03727852135807167, 0.03756265734328523, 0.03756265734328523, 0.03755692989760435, 0.04017327807184944, 0.03925726618718309, 0.03955465770363061, 0.041259488129617716
Occupy-North-America-Africa, 0.08333333333333333, 0.08333333333333333, 0.08166666825612386, 0.0827702708145055, 0.0827702708145055, 0.0827702708145055, 0.0827702708145055, 0.0827702708145055, 0.08220350698432313, 0.08220350698432313, 0.08220350698432313, 0.08220350698432313, 0.08220350698432313, 0.08220350698432313, 0.08331627221097916, 0.08331627221097916, 0.08331627221097916, 0.08331627221097916, 0.08331627221097916, 0.08331627221097916, 0.08443640371398348, 0.08443640371398348, 0.08443640371398348, 0.08443640371398348, 0.08443640371398348, 0.08443640371398348, 0.08556374404804157, 0.08556374404804157, 0.08556374404804157, 0.08556374404804157, 0.08556374404804157, 0.08556374404804157, 0.08669813077421831, 0.08669813077421831, 0.08669813077421831, 0.08669813077421831, 0.08669813077421831, 0.08669813077421831, 0.08669813077421831, 0.08610057997672302, 0.08610057997672302, 0.08610057997672302, 0.08610057997672302, 0.08610057997672302, 0.08549926586261707, 0.08549926586261707, 0.08549926586261707, 0.08549926586261707, 0.08549926586261707, 0.08549926586261707, 0.0848942766250688, 0.0848942766250688, 0.0848942766250688, 0.0848942766250688, 0.0848942766250688, 0.0848942766250688, 0.08428570304741617, 0.08428570304741617, 0.08428570304741617, 0.08428570304741617, 0.08428570304741617, 0.08428570304741617, 0.08539930098777132, 0.08539930098777132, 0.08539930098777132, 0.08539930098777132, 0.08539930098777132, 0.08539930098777132, 0.08651955071015224, 0.08651955071015224, 0.08651955071015224, 0.08651955071015224, 0.08651955071015224, 0.08651955071015224, 0.0858933574032214, 0.0858933574032214, 0.0858933574032214, 0.0858933574032214, 0.08674247849937988, 0.08674247849937988, 0.15735947573338468, 0.1593014794665806, 0.1593014794665806, 0.1593014794665806, 0.1593014794665806, 0.1593014794665806, 0.18774178825857704, 0.18774178825857704, 0.18774178825857704, 0.18902701659610044, 0.18902701659610044, 0.18902701659610044, 0.18818050561000899, 0.18687383632846677, 0.18687383632846677, 0.18687383632846677, 0.18687383632846677, 0.18687383632846677, 0.17652544236328907, 0.17652544236328907, 0.17652544236328907, 0.17652544236328907, 0.17652544236328907, 0.17652544236328907, 0.21222582495201806, 0.21222582495201806, 0.20937374878511164, 0.2050672008934644, 0.2063676472551346, 0.2063676472551346, 0.18644936377517016, 0.18644936377517016, 0.18644936377517016, 0.18644936377517016, 0.18644936377517016, 0.18644936377517016, 0.18844478579503707, 0.18844478579503707, 0.18844478579503707, 0.18844478579503707, 0.18943490066311425, 0.1871262474173754, 0.17832194237093257, 0.17832194237093257, 0.17832194237093257, 0.17832194237093257, 0.17633362767017088, 0.17633362767017088, 0.16403268051607145, 0.16403268051607145, 0.16403268051607145, 0.16403268051607145, 0.16403268051607145, 0.16403268051607145, 0.17743358625642078, 0.17743358625642078, 0.17627627729650408, 0.17627627729650408, 0.17759618583796913, 0.17533924552670455, 0.17841235571424266, 0.17841235571424266, 0.1797186718886377, 0.18101755525721847, 0.2292354716102377, 0.2292354716102377, 0.2274134120577051, 0.2381254457491488, 0.12723842776763414, 0.12723842776763414, 0.13082293370323497, 0.13082293370323497, 0.11867576338709465, 0.11867576338709465, 0.11945166705714567, 0.12021892311761491, 0.11320503230093301, 0.11407294946390623, 0.1114417440353288, 0.1114417440353288, 0.10283084846031823, 0.10283084846031823, 0.10363779897093654, 0.10363779897093654, 0.07671768695529016, 0.07859478390212875, 0.07859478390212875, 0.07859478390212875, 0.07724239929963869, 0.07634996390158127, 0.0755451932183526, 0.07801791205455169, 0.07163580743844122, 0.07164542071479726, 0.07164542071479726, 0.07164542071479726, 0.06784378876731553, 0.07091830096151988, 0.07013865397965523, 0.07013865397965523, 0.06804163175514404, 0.06889911079390923, 0.06896593554485532, 0.06896593554485532, 0.07137982879412459, 0.07051361319811258, 0.07051361319811258, 0.07053107386142972, 0.06964109278285342, 0.07230529572988217, 0.07139598156138618, 0.06471094142162961
ted
WINNER
Conquer the continents of EUROPE and AUSTRALIA and a third continent of your choice., Turn 1, Turn 2, Turn 3, Turn 4, Turn 5, Turn 6, Turn 7, Turn 8, Turn 9, Turn 10, Turn 11, Turn 12, Turn 13, Turn 14, Turn 15, Turn 16, Turn 17, Turn 18, Turn 19, Turn 20, Turn 21, Turn 22, Turn 23, Turn 24, Turn 25, Turn 26, Turn 27, Turn 28, Turn 29, Turn 30, Turn 31, Turn 32, Turn 33, Turn 34, Turn 35, Turn 36, Turn 37, Turn 38, Turn 39, Turn 40, Turn 41, Turn 42, Turn 43, Turn 44, Turn 45, Turn 46, Turn 47, Turn 48, Turn 49, Turn 50, Turn 51, Turn 52, Turn 53, Turn 54, Turn 55, Turn 56, Turn 57, Turn 58, Turn 59, Turn 60, Turn 61, Turn 62, Turn 63, Turn 64, Turn 65, Turn 66, Turn 67, Turn 68, Turn 69, Turn 70, Turn 71, Turn 72, Turn 73, Turn 74, Turn 75, Turn 76, Turn 77, Turn 78, Turn 79, Turn 80, Turn 81, Turn 82, Turn 83, Turn 84, Turn 85, Turn 86, Turn 87, Turn 88, Turn 89, Turn 90, Turn 91, Turn 92, Turn 93, Turn 94, Turn 95, Turn 96, Turn 97, Turn 98, Turn 99, Turn 100, Turn 101, Turn 102, Turn 103, Turn 104, Turn 105, Turn 106, Turn 107, Turn 108, Turn 109, Turn 110, Turn 111, Turn 112, Turn 113, Turn 114, Turn 115, Turn 116, Turn 117, Turn 118, Turn 119, Turn 120, Turn 121, Turn 122, Turn 123, Turn 124, Turn 125, Turn 126, Turn 127, Turn 128, Turn 129, Turn 130, Turn 131, Turn 132, Turn 133, Turn 134, Turn 135, Turn 136, Turn 137, Turn 138, Turn 139, Turn 140, Turn 141, Turn 142, Turn 143, Turn 144, Turn 145, Turn 146, Turn 147, Turn 148, Turn 149, Turn 150, Turn 151, Turn 152, Turn 153, Turn 154, Turn 155, Turn 156, Turn 157, Turn 158, Turn 159, Turn 160, Turn 161, Turn 162, Turn 163, Turn 164, Turn 165, Turn 166, Turn 167, Turn 168, Turn 169, Turn 170, Turn 171, Turn 172, Turn 173, Turn 174, Turn 175, Turn 176, Turn 177, Turn 178, Turn 179, Turn 180, Turn 181, Turn 182, Turn 183, Turn 184, Turn 185, Turn 186, Turn 187, Turn 188, Turn 189, Turn 190, Turn 191, Turn 192
Occupy-Europe-Australia-Asia, 0.08333333333333333, 0.08333333333333333, 0.08333333333333333, 0.08445945837098895, 0.08445945837098895, 0.08445945837098895, 0.08445945837098895, 0.08445945837098895, 0.08445945837098895, 0.08559298603135368, 0.08559298603135368, 0.08559298603135368, 0.08559298603135368, 0.08559298603135368, 0.08559298603135368, 0.0867337559697717, 0.0867337559697717, 0.0867337559697717, 0.0867337559697717, 0.0867337559697717, 0.0867337559697717, 0.08788160281193548, 0.08788160281193548, 0.08788160281193548, 0.08788160281193548, 0.08788160281193548, 0.08788160281193548, 0.089036356219619, 0.089036356219619, 0.089036356219619, 0.089036356219619, 0.089036356219619, 0.089036356219619, 0.09019784096334646, 0.09019784096334646, 0.09019784096334646, 0.09019784096334646, 0.09019784096334646, 0.09019784096334646, 0.09136587700199511, 0.09136587700199511, 0.09136587700199511, 0.09136587700199511, 0.09136587700199511, 0.09136587700199511, 0.09254027956931393, 0.09254027956931393, 0.09254027956931393, 0.09254027956931393, 0.09254027956931393, 0.09254027956931393, 0.09372085926732487, 0.09372085926732487, 0.09372085926732487, 0.09372085926732487, 0.09372085926732487, 0.09372085926732487, 0.09490742216655663, 0.09490742216655663, 0.09490742216655663, 0.09490742216655663, 0.09490742216655663, 0.09490742216655663, 0.0960997699130453, 0.0960997699130453, 0.0960997699130453, 0.0960997699130453, 0.0960997699130453, 0.0960997699130453, 0.09729769984201868, 0.09729769984201868, 0.09729769984201868, 0.09729769984201868, 0.09729769984201868, 0.09729769984201868, 0.0985010050981653, 0.0985010050981653, 0.0985010050981653, 0.0985010050981653, 0.0985010050981653, 0.09978824025996233, 0.03842839264037981, 0.03842839264037981, 0.04108355951093906, 0.04113918910843523, 0.04113918910843523, 0.04113918910843523, 0.0300315704456072, 0.0300315704456072, 0.0300315704456072, 0.029997111670992088, 0.030128542423453884, 0.030128542423453884, 0.018841951766568985, 0.018841951766568985, 0.019488112245576655, 0.01946775175331554, 0.01946775175331554, 0.01946775175331554, 0.01661451903106536, 0.016676464031502344, 0.016676464031502344, 0.016676464031502344, 0.016676464031502344, 0.01677848603299669, 0.014742700667061667, 0.014742700667061667, 0.014742700667061667, 0.01472544470389757, 0.01472544470389757, 0.01472544470389757, 0.010498367061989599, 0.010498367061989599, 0.010498367061989599, 0.010495507821813922, 0.010495507821813922, 0.010491528285036834, 0.009390747289250477, 0.009390747289250477, 0.009332634210538475, 0.009154344125280557, 0.009154344125280557, 0.009154344125280557, 0.008747086296409834, 0.008799998066761239, 0.008799998066761239, 0.008797925738144762, 0.008797925738144762, 0.008797925738144762, 0.008482340433209081, 0.008482340433209081, 0.008482340433209081, 0.008480709587152255, 0.008480709587152255, 0.008480709587152255, 0.008463099017691001, 0.008461708114066718, 0.008461708114066718, 0.008461708114066718, 0.008461708114066718, 0.007791282035036249, 0.00779037556343504, 0.00779037556343504, 0.00779037556343504, 0.00779037556343504, 0.0074925807504849845, 0.007491840023745531, 0.007491840023745531, 0.007491840023745531, 0.006845380866350727, 0.006844727088375279, 0.006844727088375279, 0.006844727088375279, 0.005045911352616248, 0.005045911352616248, 0.0050463183993036285, 0.005045903046232819, 0.004920669044420989, 0.004920669044420989, 0.004944396737293392, 0.004944396737293392, 0.0035007373659383194, 0.0035007373659383194, 0.0035009306164119564, 0.0035003269488794835, 0.0038085604972320393, 0.0038769782340481057, 0.0038769782340481057, 0.0038769782340481057, 0.003626985481675982, 0.003626985481675982, 0.003626985481675982, 0.0035555386161999387, 0.0031792057976169673, 0.0031792057976169673, 0.0032062683188816524, 0.0032062683188816524, 0.004508792161817559, 0.004508792161817559, 0.004481790672878281, 0.004592608556693588, 0.004005109183797447, 0.004004100710986827, 0.0040232138089145355, 0.0040232138089145355, 0.001642732054820149, 0.0016425437610729874, 0.0016550226651527748, 0.0016550226651527748, 3.1914176845366637E-4, 3.1914176845366637E-4, 3.040482483053942E-4
Occupy-Europe-South-America-North-America, 0.08333333333333333, 0.08333333333333333, 0.08333333333333333, 0.0827702708145055, 0.0827702708145055, 0.0827702708145055, 0.0827702708145055, 0.0827702708145055, 0.0827702708145055, 0.08220350698432313, 0.08220350698432313, 0.08220350698432313, 0.08220350698432313, 0.08220350698432313, 0.08220350698432313, 0.08163312201511415, 0.08163312201511415, 0.08163312201511415, 0.08163312201511415, 0.08163312201511415, 0.08163312201511415, 0.08105919859403224, 0.08105919859403224, 0.08105919859403224, 0.08105919859403224, 0.08105919859403224, 0.08105919859403224, 0.08048182189019051, 0.08048182189019051, 0.08048182189019051, 0.08048182189019051, 0.08048182189019051, 0.08048182189019051, 0.07990107951832678, 0.07990107951832678, 0.07990107951832678, 0.07990107951832678, 0.07990107951832678, 0.07990107951832678, 0.07931706149900244, 0.07931706149900244, 0.07931706149900244, 0.07931706149900244, 0.07931706149900244, 0.07931706149900244, 0.07872986021534303, 0.07872986021534303, 0.07872986021534303, 0.07872986021534303, 0.07872986021534303, 0.07872986021534303, 0.07813957036633759, 0.07813957036633759, 0.07813957036633759, 0.07813957036633759, 0.07813957036633759, 0.07813957036633759, 0.07754628891672169, 0.07754628891672169, 0.07754628891672169, 0.07754628891672169, 0.07754628891672169, 0.07754628891672169, 0.07695011504347732, 0.07695011504347732, 0.07695011504347732, 0.07695011504347732, 0.07695011504347732, 0.07695011504347732, 0.07635115007899067, 0.07635115007899067, 0.07635115007899067, 0.07635115007899067, 0.07635115007899067, 0.07635115007899067, 0.07574949745091736, 0.07574949745091736, 0.07574949745091736, 0.07574949745091736, 0.07574949745091736, 0.07673941036104555, 0.1304340064862892, 0.1304340064862892, 0.1286207435322072, 0.12879490371398133, 0.12879490371398133, 0.12879490371398133, 0.1347417801105625, 0.1347417801105625, 0.1347417801105625, 0.13458717492131747, 0.1324733268326122, 0.1324733268326122, 0.124797570283251, 0.124797570283251, 0.12396588436432292, 0.12383636918104421, 0.12383636918104421, 0.12383636918104421, 0.12637876125591246, 0.1243129509459745, 0.1243129509459745, 0.1243129509459745, 0.1243129509459745, 0.12507346324901542, 0.1313079196465427, 0.1313079196465427, 0.1313079196465427, 0.13115422700394314, 0.13115422700394314, 0.13115422700394314, 0.13983841188121252, 0.13983841188121252, 0.13983841188121252, 0.139800326757784, 0.139800326757784, 0.13980324045579273, 0.13366688186739833, 0.13366688186739833, 0.13283970658646624, 0.13296116555947327, 0.13296116555947327, 0.13296116555947327, 0.14283050124705118, 0.1436944934868742, 0.1436944934868742, 0.1436606545918399, 0.1436606545918399, 0.1436606545918399, 0.1437341839506195, 0.1437341839506195, 0.1437341839506195, 0.14370654908628308, 0.14370654908628308, 0.14370654908628308, 0.14340813606568456, 0.1433845670520421, 0.1433845670520421, 0.1433845670520421, 0.1433845670520421, 0.1422756343631374, 0.1422590813977186, 0.1422590813977186, 0.1422590813977186, 0.1422590813977186, 0.1419841471711641, 0.14197011042496266, 0.14197011042496266, 0.14197011042496266, 0.13535971998981508, 0.13534679226447446, 0.13534679226447446, 0.13534679226447446, 0.18294533057695014, 0.18294533057695014, 0.18296008852364778, 0.1829450294194473, 0.1752187312606986, 0.1752187312606986, 0.17606364405676636, 0.17606364405676636, 0.23024928525201835, 0.23024928525201835, 0.2302619956552215, 0.23022229144340775, 0.33263337390802045, 0.32519996743869006, 0.32519996743869006, 0.32519996743869006, 0.3196240184257882, 0.3196240184257882, 0.3196240184257882, 0.3197222832877036, 0.3168046867500005, 0.3168046867500005, 0.3131114172954807, 0.3131114172954807, 0.18541657857417368, 0.18541657857417368, 0.18799230748042012, 0.18516018817706348, 0.11028309328251965, 0.11025532437636938, 0.10856598485009357, 0.10856598485009357, 0.18218589131320126, 0.18216500874500965, 0.17987799573920335, 0.17987799573920335, 0.26838724577847445, 0.26838724577847445, 0.2715618304438145
Occupy-Asia-Africa, 0.08333333333333333, 0.08333333333333333, 0.08333333333333333, 0.08445945837098895, 0.08445945837098895, 0.08445945837098895, 0.08445945837098895, 0.08445945837098895, 0.08445945837098895, 0.08559298603135368, 0.08559298603135368, 0.08559298603135368, 0.08559298603135368, 0.08559298603135368, 0.08559298603135368, 0.0867337559697717, 0.0867337559697717, 0.0867337559697717, 0.0867337559697717, 0.0867337559697717, 0.0867337559697717, 0.08788160281193548, 0.08788160281193548, 0.08788160281193548, 0.08788160281193548, 0.08788160281193548, 0.08788160281193548, 0.089036356219619, 0.089036356219619, 0.089036356219619, 0.089036356219619, 0.089036356219619, 0.089036356219619, 0.09019784096334646, 0.09019784096334646, 0.09019784096334646, 0.09019784096334646, 0.09019784096334646, 0.09019784096334646, 0.09136587700199511, 0.09136587700199511, 0.09136587700199511, 0.09136587700199511, 0.09136587700199511, 0.09136587700199511, 0.09254027956931393, 0.09254027956931393, 0.09254027956931393, 0.09254027956931393, 0.09254027956931393, 0.09254027956931393, 0.09372085926732487, 0.09372085926732487, 0.09372085926732487, 0.09372085926732487, 0.09372085926732487, 0.09372085926732487, 0.09490742216655663, 0.09490742216655663, 0.09490742216655663, 0.09490742216655663, 0.09490742216655663, 0.09490742216655663, 0.0960997699130453, 0.0960997699130453, 0.0960997699130453, 0.0960997699130453, 0.0960997699130453, 0.0960997699130453, 0.09729769984201868, 0.09729769984201868, 0.09729769984201868, 0.09729769984201868, 0.09729769984201868, 0.09729769984201868, 0.0985010050981653, 0.0985010050981653, 0.0985010050981653, 0.0985010050981653, 0.0985010050981653, 0.09583662967615474, 0.009282644422230542, 0.009282644422230542, 0.009725538193081492, 0.00954775228995737, 0.00954775228995737, 0.00954775228995737, 0.0068077608992616265, 0.0068077608992616265, 0.0068077608992616265, 0.006938723895129536, 0.006969125545550547, 0.006969125545550547, 0.0059297817175523815, 0.0059297817175523815, 0.006133135947649865, 0.006251763412556874, 0.006251763412556874, 0.006251763412556874, 0.004537661790049692, 0.004554579851959395, 0.004554579851959395, 0.004554579851959395, 0.004554579851959395, 0.004490794730809169, 0.0024722452052998553, 0.0024722452052998553, 0.0024722452052998553, 0.002573227895821243, 0.002573227895821243, 0.002573227895821243, 8.191750317935021E-4, 8.191750317935021E-4, 8.191750317935021E-4, 8.356652171036366E-4, 8.356652171036366E-4, 8.353483615001481E-4, 8.826292183045881E-4, 8.826292183045881E-4, 8.947105416449832E-4, 8.776180450194416E-4, 8.776180450194416E-4, 8.776180450194416E-4, 6.437458066221236E-4, 6.346870874035324E-4, 6.346870874035324E-4, 6.474873585308208E-4, 6.474873585308208E-4, 6.474873585308208E-4, 4.88886090589158E-4, 4.88886090589158E-4, 4.88886090589158E-4, 4.987674347275561E-4, 4.987674347275561E-4, 4.987674347275561E-4, 4.071192572325011E-4, 4.1535953018621505E-4, 4.1535953018621505E-4, 4.1535953018621505E-4, 4.1535953018621505E-4, 2.5965495686011307E-4, 2.649232065523989E-4, 2.649232065523989E-4, 2.649232065523989E-4, 2.649232065523989E-4, 2.0776952778479225E-4, 2.119887585335564E-4, 2.119887585335564E-4, 2.119887585335564E-4, 2.102904901291257E-4, 2.145616346326961E-4, 2.145616346326961E-4, 2.145616346326961E-4, 9.80796458430723E-5, 9.80796458430723E-5, 9.616427414371483E-5, 9.811873180602971E-5, 7.38437657408969E-5, 7.38437657408969E-5, 7.419984378195683E-5, 7.419984378195683E-5, 3.4851518354881745E-5, 3.4851518354881745E-5, 3.417004206638443E-5, 3.629880843768271E-5, 4.291058159187591E-5, 4.368143579784454E-5, 4.368143579784454E-5, 4.368143579784454E-5, 2.7002970771856696E-5, 2.7002970771856696E-5, 2.7002970771856696E-5, 2.6471047600413812E-5, 1.586305859272599E-5, 1.586305859272599E-5, 1.599809054341329E-5, 1.599809054341329E-5, 9.88294831334679E-6, 9.88294831334679E-6, 9.823762990539028E-6, 1.0070696096699267E-5, 4.5354996233936484E-6, 4.915994983042466E-6, 4.939460899687669E-6, 4.939460899687669E-6, 2.4300212946569003E-6, 2.479329298680514E-6, 2.498165516767166E-6, 2.498165516767166E-6, 5.169617447236292E-7, 5.169617447236292E-7, 4.925125084244174E-7
Occupy-Europe-South-America-Africa, 0.08333333333333333, 0.08333333333333333, 0.08333333333333333, 0.0827702708145055, 0.0827702708145055, 0.0827702708145055, 0.0827702708145055, 0.0827702708145055, 0.0827702708145055, 0.08220350698432313, 0.08220350698432313, 0.08220350698432313, 0.08220350698432313, 0.08220350698432313, 0.08220350698432313, 0.08163312201511415, 0.08163312201511415, 0.08163312201511415, 0.08163312201511415, 0.08163312201511415, 0.08163312201511415, 0.08105919859403224, 0.08105919859403224, 0.08105919859403224, 0.08105919859403224, 0.08105919859403224, 0.08105919859403224, 0.08048182189019051, 0.08048182189019051, 0.08048182189019051, 0.08048182189019051, 0.08048182189019051, 0.08048182189019051, 0.07990107951832678, 0.07990107951832678, 0.07990107951832678, 0.07990107951832678, 0.07990107951832678, 0.07990107951832678, 0.07931706149900244, 0.07931706149900244, 0.07931706149900244, 0.07931706149900244, 0.07931706149900244, 0.07931706149900244, 0.07872986021534303, 0.07872986021534303, 0.07872986021534303, 0.07872986021534303, 0.07872986021534303, 0.07872986021534303, 0.07813957036633759, 0.07813957036633759, 0.07813957036633759, 0.07813957036633759, 0.07813957036633759, 0.07813957036633759, 0.07754628891672169, 0.07754628891672169, 0.07754628891672169, 0.07754628891672169, 0.07754628891672169, 0.07754628891672169, 0.07695011504347732, 0.07695011504347732, 0.07695011504347732, 0.07695011504347732, 0.07695011504347732, 0.07695011504347732, 0.07635115007899067, 0.07635115007899067, 0.07635115007899067, 0.07635115007899067, 0.07635115007899067, 0.07635115007899067, 0.07574949745091736, 0.07574949745091736, 0.07574949745091736, 0.07574949745091736, 0.07574949745091736, 0.07370053257957682, 0.1689230201002937, 0.1689230201002937, 0.1632432012486986, 0.16346424230958895, 0.16346424230958895, 0.16346424230958895, 0.17556673467425485, 0.17556673467425485, 0.17556673467425485, 0.17536528618354041, 0.1761336398761084, 0.1761336398761084, 0.2231871723905861, 0.2231871723905861, 0.22169979063995326, 0.2214681665188104, 0.2214681665188104, 0.2214681665188104, 0.22188692382563213, 0.22271419938911008, 0.22271419938911008, 0.22271419938911008, 0.22271419938911008, 0.219595173561997, 0.21491592765029516, 0.21491592765029516, 0.21491592765029516, 0.21466437392112003, 0.21466437392112003, 0.21466437392112003, 0.2095577431142061, 0.2095577431142061, 0.2095577431142061, 0.20950066986512858, 0.20950066986512858, 0.20950503624751673, 0.23483934710214965, 0.23483934710214965, 0.23805380004178628, 0.23827145913496317, 0.23827145913496317, 0.23827145913496317, 0.22571767065507964, 0.22254139675922643, 0.22254139675922643, 0.2224889900539799, 0.2224889900539799, 0.2224889900539799, 0.21855554102576602, 0.21855554102576602, 0.21855554102576602, 0.2185135207313572, 0.2185135207313572, 0.2185135207313572, 0.2139454324775189, 0.21391027071504756, 0.21391027071504756, 0.21391027071504756, 0.21391027071504756, 0.20839669590905646, 0.20837245013207423, 0.20837245013207423, 0.20837245013207423, 0.20837245013207423, 0.2041884751405555, 0.20416828878975576, 0.20416828878975576, 0.20416828878975576, 0.22346383839340508, 0.22344249615712883, 0.22344249615712883, 0.22344249615712883, 0.18586135062855327, 0.18586135062855327, 0.18587634380655393, 0.1858610446708114, 0.1844847436469756, 0.1844847436469756, 0.18166685436584, 0.18166685436584, 0.14781314842537918, 0.14781314842537918, 0.14782130812373898, 0.14779581920833354, 0.09806492117733642, 0.09982657888839956, 0.09982657888839956, 0.09982657888839956, 0.09615263402103924, 0.09615263402103924, 0.09615263402103924, 0.09618219508266224, 0.09339840518630668, 0.09339840518630668, 0.09419344535902426, 0.09419344535902426, 0.0546633729178229, 0.0546633729178229, 0.0543360141915273, 0.05351743774698149, 0.031875473002046274, 0.03186744686683421, 0.0320195623296148, 0.0320195623296148, 0.02625456450096826, 0.026251555142067964, 0.02645099618365648, 0.02645099618365648, 0.024512323505605015, 0.024512323505605015, 0.024315945974946383
Occupy-Europe-South-America-Australia, 0.08333333333333333, 0.08333333333333333, 0.08333333333333333, 0.0827702708145055, 0.0827702708145055, 0.0827702708145055, 0.0827702708145055, 0.0827702708145055, 0.0827702708145055, 0.08220350698432313, 0.08220350698432313, 0.08220350698432313, 0.08220350698432313, 0.08220350698432313, 0.08220350698432313, 0.08163312201511415, 0.08163312201511415, 0.08163312201511415, 0.08163312201511415, 0.08163312201511415, 0.08163312201511415, 0.08105919859403224, 0.08105919859403224, 0.08105919859403224, 0.08105919859403224, 0.08105919859403224, 0.08105919859403224, 0.08048182189019051, 0.08048182189019051, 0.08048182189019051, 0.08048182189019051, 0.08048182189019051, 0.08048182189019051, 0.07990107951832678, 0.07990107951832678, 0.07990107951832678, 0.07990107951832678, 0.07990107951832678, 0.07990107951832678, 0.07931706149900244, 0.07931706149900244, 0.07931706149900244, 0.07931706149900244, 0.07931706149900244, 0.07931706149900244, 0.07872986021534303, 0.07872986021534303, 0.07872986021534303, 0.07872986021534303, 0.07872986021534303, 0.07872986021534303, 0.07813957036633759, 0.07813957036633759, 0.07813957036633759, 0.07813957036633759, 0.07813957036633759, 0.07813957036633759, 0.07754628891672169, 0.07754628891672169, 0.07754628891672169, 0.07754628891672169, 0.07754628891672169, 0.07754628891672169, 0.07695011504347732, 0.07695011504347732, 0.07695011504347732, 0.07695011504347732, 0.07695011504347732, 0.07695011504347732, 0.07635115007899067, 0.07635115007899067, 0.07635115007899067, 0.07635115007899067, 0.07635115007899067, 0.07635115007899067, 0.07574949745091736, 0.07574949745091736, 0.07574949745091736, 0.07574949745091736, 0.07574949745091736, 0.07673941036104555, 0.18319819317095923, 0.18319819317095923, 0.18065141487379346, 0.1808960276974186, 0.1808960276974186, 0.1808960276974186, 0.20055651796831436, 0.20055651796831436, 0.20055651796831436, 0.20032639574201325, 0.2012041152111111, 0.2012041152111111, 0.20499485355682678, 0.20499485355682678, 0.20362871050797596, 0.20341596641392556, 0.20341596641392556, 0.20341596641392556, 0.21528009874128742, 0.21608274164570546, 0.21608274164570546, 0.21608274164570546, 0.21608274164570546, 0.21740467618467227, 0.22824150710853772, 0.22824150710853772, 0.22824150710853772, 0.22797435612120315, 0.22797435612120315, 0.22797435612120315, 0.24306934391578996, 0.24306934391578996, 0.24306934391578996, 0.2430031437506123, 0.2430031437506123, 0.24300820838667203, 0.2323418926294531, 0.2323418926294531, 0.23090408344573385, 0.23111520535769164, 0.23111520535769164, 0.23111520535769164, 0.23363166553985262, 0.2350449207216307, 0.2350449207216307, 0.23498956953726977, 0.23498956953726977, 0.23498956953726977, 0.2393845678999988, 0.2393845678999988, 0.2393845678999988, 0.23933854294006013, 0.23933854294006013, 0.23933854294006013, 0.243347990105465, 0.24330799605592215, 0.24330799605592215, 0.24330799605592215, 0.24330799605592215, 0.2503679713037788, 0.2503388424062728, 0.2503388424062728, 0.2503388424062728, 0.2503388424062728, 0.2543978486733907, 0.25437269855552785, 0.25437269855552785, 0.25437269855552785, 0.2475813160273592, 0.24755767041658733, 0.24755767041658733, 0.24755767041658733, 0.24530173559874122, 0.24530173559874122, 0.24532152375035673, 0.24530133179254454, 0.25202820440942597, 0.25202820440942597, 0.2532434960243315, 0.2532434960243315, 0.245868596553231, 0.245868596553231, 0.2458821691860137, 0.2458397715784588, 0.20371802363009398, 0.20737765464699462, 0.20737765464699462, 0.20737765464699462, 0.21484437403998755, 0.21484437403998755, 0.21484437403998755, 0.21491042556156065, 0.2200503869266663, 0.2200503869266663, 0.22192353344645716, 0.22192353344645716, 0.29908918443734644, 0.29908918443734644, 0.2972980499127098, 0.29867560979715546, 0.34336066998766174, 0.3432742129439138, 0.34491279152163323, 0.34491279152163323, 0.28281258310137175, 0.2827801664690547, 0.28492853332335905, 0.28492853332335905, 0.2781876226077346, 0.2781876226077346, 0.2759589559382934
Occupy-Europe-Australia-South-America, 0.08333333333333333, 0.08333333333333333, 0.08333333333333333, 0.0827702708145055, 0.0827702708145055, 0.0827702708145055, 0.0827702708145055, 0.0827702708145055, 0.0827702708145055, 0.08220350698432313, 0.08220350698432313, 0.08220350698432313, 0.08220350698432313, 0.08220350698432313, 0.08220350698432313, 0.08163312201511415, 0.08163312201511415, 0.08163312201511415, 0.08163312201511415, 0.08163312201511415, 0.08163312201511415, 0.08105919859403224, 0.08105919859403224, 0.08105919859403224, 0.08105919859403224, 0.08105919859403224, 0.08105919859403224, 0.08048182189019051, 0.08048182189019051, 0.08048182189019051, 0.08048182189019051, 0.08048182189019051, 0.08048182189019051, 0.07990107951832678, 0.07990107951832678, 0.07990107951832678, 0.07990107951832678, 0.07990107951832678, 0.07990107951832678, 0.07931706149900244, 0.07931706149900244, 0.07931706149900244, 0.07931706149900244, 0.07931706149900244, 0.07931706149900244, 0.07872986021534303, 0.07872986021534303, 0.07872986021534303, 0.07872986021534303, 0.07872986021534303, 0.07872986021534303, 0.07813957036633759, 0.07813957036633759, 0.07813957036633759, 0.07813957036633759, 0.07813957036633759, 0.07813957036633759, 0.07754628891672169, 0.07754628891672169, 0.07754628891672169, 0.07754628891672169, 0.07754628891672169, 0.07754628891672169, 0.07695011504347732, 0.07695011504347732, 0.07695011504347732, 0.07695011504347732, 0.07695011504347732, 0.07695011504347732, 0.07635115007899067, 0.07635115007899067, 0.07635115007899067, 0.07635115007899067, 0.07635115007899067, 0.07635115007899067, 0.07574949745091736, 0.07574949745091736, 0.07574949745091736, 0.07574949745091736, 0.07574949745091736, 0.07673941036104555, 0.18319819317095923, 0.18319819317095923, 0.18065141487379346, 0.1808960276974186, 0.1808960276974186, 0.1808960276974186, 0.20055651796831436, 0.20055651796831436, 0.20055651796831436, 0.20032639574201325, 0.2012041152111111, 0.2012041152111111, 0.20499485355682678, 0.20499485355682678, 0.20362871050797596, 0.20341596641392556, 0.20341596641392556, 0.20341596641392556, 0.21528009874128742, 0.21608274164570546, 0.21608274164570546, 0.21608274164570546, 0.21608274164570546, 0.21740467618467227, 0.22824150710853772, 0.22824150710853772, 0.22824150710853772, 0.22797435612120315, 0.22797435612120315, 0.22797435612120315, 0.24306934391578996, 0.24306934391578996, 0.24306934391578996, 0.2430031437506123, 0.2430031437506123, 0.24300820838667203, 0.2323418926294531, 0.2323418926294531, 0.23090408344573385, 0.23111520535769164, 0.23111520535769164, 0.23111520535769164, 0.23363166553985262, 0.2350449207216307, 0.2350449207216307, 0.23498956953726977, 0.23498956953726977, 0.23498956953726977, 0.2393845678999988, 0.2393845678999988, 0.2393845678999988, 0.23933854294006013, 0.23933854294006013, 0.23933854294006013, 0.243347990105465, 0.24330799605592215, 0.24330799605592215, 0.24330799605592215, 0.24330799605592215, 0.2503679713037788, 0.2503388424062728, 0.2503388424062728, 0.2503388424062728, 0.2503388424062728, 0.2543978486733907, 0.25437269855552785, 0.25437269855552785, 0.25437269855552785, 0.2475813160273592, 0.24755767041658733, 0.24755767041658733, 0.24755767041658733, 0.24530173559874122, 0.24530173559874122, 0.24532152375035673, 0.24530133179254454, 0.25202820440942597, 0.25202820440942597, 0.2532434960243315, 0.2532434960243315, 0.245868596553231, 0.245868596553231, 0.2458821691860137, 0.2458397715784588, 0.20371802363009398, 0.20737765464699462, 0.20737765464699462, 0.20737765464699462, 0.21484437403998755, 0.21484437403998755, 0.21484437403998755, 0.21491042556156065, 0.2200503869266663, 0.2200503869266663, 0.22192353344645716, 0.22192353344645716, 0.29908918443734644, 0.29908918443734644, 0.2972980499127098, 0.29867560979715546, 0.34336066998766174, 0.3432742129439138, 0.34491279152163323, 0.34491279152163323, 0.28281258310137175, 0.2827801664690547, 0.28492853332335905, 0.28492853332335905, 0.2781876226077346, 0.2781876226077346, 0.2759589559382934
Occupy-Europe-Australia-North-America, 0.08333333333333333, 0.08333333333333333, 0.08333333333333333, 0.0827702708145055, 0.0827702708145055, 0.0827702708145055, 0.0827702708145055, 0.0827702708145055, 0.0827702708145055, 0.08220350698432313, 0.08220350698432313, 0.08220350698432313, 0.08220350698432313, 0.08220350698432313, 0.08220350698432313, 0.08163312201511415, 0.08163312201511415, 0.08163312201511415, 0.08163312201511415, 0.08163312201511415, 0.08163312201511415, 0.08105919859403224, 0.08105919859403224, 0.08105919859403224, 0.08105919859403224, 0.08105919859403224, 0.08105919859403224, 0.08048182189019051, 0.08048182189019051, 0.08048182189019051, 0.08048182189019051, 0.08048182189019051, 0.08048182189019051, 0.07990107951832678, 0.07990107951832678, 0.07990107951832678, 0.07990107951832678, 0.07990107951832678, 0.07990107951832678, 0.07931706149900244, 0.07931706149900244, 0.07931706149900244, 0.07931706149900244, 0.07931706149900244, 0.07931706149900244, 0.07872986021534303, 0.07872986021534303, 0.07872986021534303, 0.07872986021534303, 0.07872986021534303, 0.07872986021534303, 0.07813957036633759, 0.07813957036633759, 0.07813957036633759, 0.07813957036633759, 0.07813957036633759, 0.07813957036633759, 0.07754628891672169, 0.07754628891672169, 0.07754628891672169, 0.07754628891672169, 0.07754628891672169, 0.07754628891672169, 0.07695011504347732, 0.07695011504347732, 0.07695011504347732, 0.07695011504347732, 0.07695011504347732, 0.07695011504347732, 0.07635115007899067, 0.07635115007899067, 0.07635115007899067, 0.07635115007899067, 0.07635115007899067, 0.07635115007899067, 0.07574949745091736, 0.07574949745091736, 0.07574949745091736, 0.07574949745091736, 0.07574949745091736, 0.07673941036104555, 0.0662675977806138, 0.0662675977806138, 0.07084628343799268, 0.07094221354430943, 0.07094221354430943, 0.07094221354430943, 0.05392310394239769, 0.05392310394239769, 0.05392310394239769, 0.05386123158415176, 0.0530152783088413, 0.0530152783088413, 0.03977094352249759, 0.03977094352249759, 0.04113483683012616, 0.04109186060357389, 0.04109186060357389, 0.04109186060357389, 0.03721990654295306, 0.036611503153750176, 0.036611503153750176, 0.036611503153750176, 0.036611503153750176, 0.0368354822192407, 0.03867159678592962, 0.03867159678592962, 0.03867159678592962, 0.0386263326471056, 0.0386263326471056, 0.0386263326471056, 0.0411839186395745, 0.0411839186395745, 0.0411839186395745, 0.04117270216047153, 0.04117270216047153, 0.04117356027592148, 0.040203918199897146, 0.040203918199897146, 0.03995512293463045, 0.03999165499513189, 0.03999165499513189, 0.03999165499513189, 0.04413979023847503, 0.044406795086182546, 0.044406795086182546, 0.044396337643859834, 0.044396337643859834, 0.044396337643859834, 0.04441906087485435, 0.04441906087485435, 0.04441906087485435, 0.04441052070238119, 0.04441052070238119, 0.04441052070238119, 0.04431830028714323, 0.04431101660957281, 0.04431101660957281, 0.04431101660957281, 0.04431101660957281, 0.043968316305019677, 0.04396320084008024, 0.04396320084008024, 0.04396320084008024, 0.04396320084008024, 0.04387823622129408, 0.043873898359089926, 0.043873898359089926, 0.043873898359089926, 0.04183104865504005, 0.04182705352038874, 0.04182705352038874, 0.04182705352038874, 0.05653672322277712, 0.05653672322277712, 0.05654128396201627, 0.056536630154217615, 0.05414892460764673, 0.05414892460764673, 0.054410033217240764, 0.054410033217240764, 0.06761915036049826, 0.06761915036049826, 0.06762288312633245, 0.06761122287268327, 0.10782024146021171, 0.10541076681556368, 0.10541076681556368, 0.10541076681556368, 0.10360337099752667, 0.10360337099752667, 0.10360337099752667, 0.10363522270565292, 0.10268950893230913, 0.10268950893230913, 0.10149236746786287, 0.10149236746786287, 0.11319274275798531, 0.11319274275798531, 0.11476516859898113, 0.11529694434537441, 0.12413313051226822, 0.12410187421405665, 0.12220037691603003, 0.12220037691603003, 0.1891623084024701, 0.1891406261812178, 0.1867660369284141, 0.1867660369284141, 0.13285893887262804, 0.13285893887262804, 0.1344304440638491
Occupy-Europe-Australia-Africa, 0.08333333333333333, 0.08333333333333333, 0.08333333333333333, 0.0827702708145055, 0.0827702708145055, 0.0827702708145055, 0.0827702708145055, 0.0827702708145055, 0.0827702708145055, 0.08220350698432313, 0.08220350698432313, 0.08220350698432313, 0.08220350698432313, 0.08220350698432313, 0.08220350698432313, 0.08163312201511415, 0.08163312201511415, 0.08163312201511415, 0.08163312201511415, 0.08163312201511415, 0.08163312201511415, 0.08105919859403224, 0.08105919859403224, 0.08105919859403224, 0.08105919859403224, 0.08105919859403224, 0.08105919859403224, 0.08048182189019051, 0.08048182189019051, 0.08048182189019051, 0.08048182189019051, 0.08048182189019051, 0.08048182189019051, 0.07990107951832678, 0.07990107951832678, 0.07990107951832678, 0.07990107951832678, 0.07990107951832678, 0.07990107951832678, 0.07931706149900244, 0.07931706149900244, 0.07931706149900244, 0.07931706149900244, 0.07931706149900244, 0.07931706149900244, 0.07872986021534303, 0.07872986021534303, 0.07872986021534303, 0.07872986021534303, 0.07872986021534303, 0.07872986021534303, 0.07813957036633759, 0.07813957036633759, 0.07813957036633759, 0.07813957036633759, 0.07813957036633759, 0.07813957036633759, 0.07754628891672169, 0.07754628891672169, 0.07754628891672169, 0.07754628891672169, 0.07754628891672169, 0.07754628891672169, 0.07695011504347732, 0.07695011504347732, 0.07695011504347732, 0.07695011504347732, 0.07695011504347732, 0.07695011504347732, 0.07635115007899067, 0.07635115007899067, 0.07635115007899067, 0.07635115007899067, 0.07635115007899067, 0.07635115007899067, 0.07574949745091736, 0.07574949745091736, 0.07574949745091736, 0.07574949745091736, 0.07574949745091736, 0.07370053257957682, 0.08579280824638413, 0.08579280824638413, 0.08988615693322345, 0.09000786816735694, 0.09000786816735694, 0.09000786816735694, 0.07181781604707554, 0.07181781604707554, 0.07181781604707554, 0.07173541096802721, 0.07204971586328156, 0.07204971586328156, 0.071939009794532, 0.071939009794532, 0.07440606552230687, 0.07432832868960823, 0.07432832868960823, 0.07432832868960823, 0.06601578538020733, 0.06626191636038067, 0.06626191636038067, 0.06626191636038067, 0.06626191636038067, 0.06533394396774059, 0.0639417749812938, 0.0639417749812938, 0.0639417749812938, 0.06386693272961672, 0.06386693272961672, 0.06386693272961672, 0.06234760821263838, 0.06234760821263838, 0.06234760821263838, 0.06233062778270996, 0.06233062778270996, 0.062331926868558075, 0.0711632672274381, 0.0711632672274381, 0.07213734153123816, 0.07220329867344351, 0.07220329867344351, 0.07220329867344351, 0.07039910404961888, 0.0694084557063354, 0.0694084557063354, 0.06939211057445077, 0.06939211057445077, 0.06939211057445077, 0.06816530681288684, 0.06816530681288684, 0.06816530681288684, 0.06815220109958714, 0.06815220109958714, 0.06815220109958714, 0.0667274596544159, 0.06671649304924226, 0.06671649304924226, 0.06671649304924226, 0.06671649304924226, 0.06499686372059545, 0.06498930170309108, 0.06498930170309108, 0.06498930170309108, 0.06498930170309108, 0.0636843613769124, 0.06367806545419528, 0.06367806545419528, 0.06367806545419528, 0.06969615610832777, 0.06968949967638825, 0.06968949967638825, 0.06968949967638825, 0.05796831290934537, 0.05796831290934537, 0.05797298913294381, 0.05796821748415849, 0.057538962837415865, 0.057538962837415865, 0.05666009110297327, 0.05666009110297327, 0.043943515311166664, 0.043943515311166664, 0.04394594111586421, 0.04393836349130026, 0.03262079930418956, 0.0332068058185001, 0.0332068058185001, 0.0332068058185001, 0.03198468666790095, 0.03198468666790095, 0.03198468666790095, 0.03199452000531504, 0.03106850639694402, 0.03106850639694402, 0.03133297248330418, 0.03133297248330418, 0.034246238871219664, 0.034246238871219664, 0.034041150810624664, 0.03419888384584252, 0.03681983539037464, 0.03681056428160364, 0.036986275126727496, 0.036986275126727496, 0.028104490923321637, 0.028101269521576606, 0.028314763405387, 0.028314763405387, 0.012429710588872355, 0.012429710588872355, 0.012330131457922729
Occupy-North-America-Australia, 0.08333333333333333, 0.08333333333333333, 0.08333333333333333, 0.0827702708145055, 0.0827702708145055, 0.0827702708145055, 0.0827702708145055, 0.0827702708145055, 0.0827702708145055, 0.08220350698432313, 0.08220350698432313, 0.08220350698432313, 0.08220350698432313, 0.08220350698432313, 0.08220350698432313, 0.08163312201511415, 0.08163312201511415, 0.08163312201511415, 0.08163312201511415, 0.08163312201511415, 0.08163312201511415, 0.08105919859403224, 0.08105919859403224, 0.08105919859403224, 0.08105919859403224, 0.08105919859403224, 0.08105919859403224, 0.08048182189019051, 0.08048182189019051, 0.08048182189019051, 0.08048182189019051, 0.08048182189019051, 0.08048182189019051, 0.07990107951832678, 0.07990107951832678, 0.07990107951832678, 0.07990107951832678, 0.07990107951832678, 0.07990107951832678, 0.07931706149900244, 0.07931706149900244, 0.07931706149900244, 0.07931706149900244, 0.07931706149900244, 0.07931706149900244, 0.07872986021534303, 0.07872986021534303, 0.07872986021534303, 0.07872986021534303, 0.07872986021534303, 0.07872986021534303, 0.07813957036633759, 0.07813957036633759, 0.07813957036633759, 0.07813957036633759, 0.07813957036633759, 0.07813957036633759, 0.07754628891672169, 0.07754628891672169, 0.07754628891672169, 0.07754628891672169, 0.07754628891672169, 0.07754628891672169, 0.07695011504347732, 0.07695011504347732, 0.07695011504347732, 0.07695011504347732, 0.07695011504347732, 0.07695011504347732, 0.07635115007899067, 0.07635115007899067, 0.07635115007899067, 0.07635115007899067, 0.07635115007899067, 0.07635115007899067, 0.07574949745091736, 0.07574949745091736, 0.07574949745091736, 0.07574949745091736, 0.07574949745091736, 0.07673941036104555, 0.019692259139586443, 0.019692259139586443, 0.021052873791445607, 0.02066802062383038, 0.02066802062383038, 0.02066802062383038, 0.01607508415485452, 0.01607508415485452, 0.01607508415485452, 0.01638432550614476, 0.016126990621330238, 0.016126990621330238, 0.013173009148193594, 0.013173009148193594, 0.013624760538209975, 0.013888291432748882, 0.013888291432748882, 0.013888291432748882, 0.011457077758267724, 0.011269798273015741, 0.011269798273015741, 0.011269798273015741, 0.011269798273015741, 0.011338743786529796, 0.008496242058980207, 0.008496242058980207, 0.008496242058980207, 0.008843284245814074, 0.008843284245814074, 0.008843284245814074, 0.00506045501909944, 0.00506045501909944, 0.00506045501909944, 0.005162323164220818, 0.005162323164220818, 0.005162430756606851, 0.0050429554715554015, 0.0050429554715554015, 0.005011747979836921, 0.005016330357939396, 0.005016330357939396, 0.005016330357939396, 0.004613817247120749, 0.004641726568047788, 0.004641726568047788, 0.004735340192381653, 0.004735340192381653, 0.004735340192381653, 0.0038932396564909924, 0.0038932396564909924, 0.0038932396564909924, 0.003971929645017125, 0.003971929645017125, 0.003971929645017125, 0.0033800515575333912, 0.0034484652887359782, 0.0034484652887359782, 0.0034484652887359782, 0.0034484652887359782, 0.002500461152508651, 0.002551194070749735, 0.002551194070749735, 0.002551194070749735, 0.002551194070749735, 0.0021786572560223965, 0.002222899825101868, 0.002222899825101868, 0.002222899825101868, 0.0020363175954208603, 0.002077676606472026, 0.002077676606472026, 0.002077676606472026, 0.0021407712371230973, 0.0021407712371230973, 0.0020989646766778783, 0.0021416243611791152, 0.0016475952297035155, 0.0016475952297035155, 0.0016893265077546668, 0.0016893265077546668, 0.0016863651776448947, 0.0016863651776448947, 0.0016533904914171546, 0.0017563954005101914, 0.0036494325990618134, 0.003567878197071011, 0.003567878197071011, 0.003567878197071011, 0.0025817935323283734, 0.0025817935323283734, 0.0025817935323283734, 0.0025825872761346047, 0.0018576360526847441, 0.0018576360526847441, 0.0018359799636875214, 0.0018359799636875214, 0.002275974466605415, 0.002275974466605415, 0.0023075913439558364, 0.002365595664587378, 0.0027195140335170612, 0.0029476614386928614, 0.0029024971710565487, 0.0029024971710565487, 0.005177470275274736, 0.005282527266226509, 0.005216207127992401, 0.005216207127992401, 0.004164094314987099, 0.004164094314987099, 0.004213348779069565
Occupy-Asia-South-America, 0.08333333333333333, 0.08333333333333333, 0.08333333333333333, 0.08445945837098895, 0.08445945837098895, 0.08445945837098895, 0.08445945837098895, 0.08445945837098895, 0.08445945837098895, 0.08559298603135368, 0.08559298603135368, 0.08559298603135368, 0.08559298603135368, 0.08559298603135368, 0.08559298603135368, 0.0867337559697717, 0.0867337559697717, 0.0867337559697717, 0.0867337559697717, 0.0867337559697717, 0.0867337559697717, 0.08788160281193548, 0.08788160281193548, 0.08788160281193548, 0.08788160281193548, 0.08788160281193548, 0.08788160281193548, 0.089036356219619, 0.089036356219619, 0.089036356219619, 0.089036356219619, 0.089036356219619, 0.089036356219619, 0.09019784096334646, 0.09019784096334646, 0.09019784096334646, 0.09019784096334646, 0.09019784096334646, 0.09019784096334646, 0.09136587700199511, 0.09136587700199511, 0.09136587700199511, 0.09136587700199511, 0.09136587700199511, 0.09136587700199511, 0.09254027956931393, 0.09254027956931393, 0.09254027956931393, 0.09254027956931393, 0.09254027956931393, 0.09254027956931393, 0.09372085926732487, 0.09372085926732487, 0.09372085926732487, 0.09372085926732487, 0.09372085926732487, 0.09372085926732487, 0.09490742216655663, 0.09490742216655663, 0.09490742216655663, 0.09490742216655663, 0.09490742216655663, 0.09490742216655663, 0.0960997699130453, 0.0960997699130453, 0.0960997699130453, 0.0960997699130453, 0.0960997699130453, 0.0960997699130453, 0.09729769984201868, 0.09729769984201868, 0.09729769984201868, 0.09729769984201868, 0.09729769984201868, 0.09729769984201868, 0.0985010050981653, 0.0985010050981653, 0.0985010050981653, 0.0985010050981653, 0.0985010050981653, 0.09978824025996233, 0.020589384517956572, 0.020589384517956572, 0.020303155725331968, 0.019932007640235186, 0.019932007640235186, 0.019932007640235186, 0.020371867048805038, 0.020371867048805038, 0.020371867048805038, 0.020763766937713243, 0.020854742280356116, 0.020854742280356116, 0.01810669398017951, 0.01810669398017951, 0.01798602590637426, 0.01833391264412749, 0.01833391264412749, 0.01833391264412749, 0.01596664040837786, 0.016026169880475415, 0.016026169880475415, 0.016026169880475415, 0.016026169880475415, 0.016124213561942054, 0.009742123992214718, 0.009742123992214718, 0.009742123992214718, 0.010140056159306327, 0.010140056159306327, 0.010140056159306327, 0.0036232213343998457, 0.0036232213343998457, 0.0036232213343998457, 0.003696157628726438, 0.003696157628726438, 0.0036947561724589425, 0.0032483228465403123, 0.0032483228465403123, 0.0032282211405260234, 0.003166549397115586, 0.003166549397115586, 0.003166549397115586, 0.0024303552209193704, 0.0024450566189579844, 0.0024450566189579844, 0.002494368143117502, 0.002494368143117502, 0.002494368143117502, 0.001967081178372547, 0.001967081178372547, 0.001967081178372547, 0.0020068397365435127, 0.0020068397365435127, 0.0020068397365435127, 0.0017077900122761502, 0.0017423564337823313, 0.0017423564337823313, 0.0017423564337823313, 0.0017423564337823313, 0.001162344358267809, 0.0011859276565873305, 0.0011859276565873305, 0.0011859276565873305, 0.0011859276565873305, 9.714163103190072E-4, 9.91143118239533E-4, 9.91143118239533E-4, 9.91143118239533E-4, 8.708909350109968E-4, 8.885793289464405E-4, 8.885793289464405E-4, 8.885793289464405E-4, 4.947386398497436E-4, 4.947386398497436E-4, 4.8507701861119444E-4, 4.949357993723392E-4, 3.890416709060061E-4, 3.890416709060061E-4, 3.9889555118519614E-4, 3.9889555118519614E-4, 2.3888506005042163E-4, 2.3888506005042163E-4, 2.3421397219585715E-4, 2.4880531588604323E-4, 3.253964538850055E-4, 3.312419403775965E-4, 3.312419403775965E-4, 3.312419403775965E-4, 2.2339626077841197E-4, 2.2339626077841197E-4, 2.2339626077841197E-4, 2.1899564691537797E-4, 1.4029299817727776E-4, 1.4029299817727776E-4, 1.4148722166834742E-4, 1.4148722166834742E-4, 1.1000879694347712E-4, 1.1000879694347712E-4, 1.0934999493901856E-4, 1.1209864980120356E-4, 5.5660182318036054E-5, 6.032966591362133E-5, 6.0617642389684747E-5, 6.0617642389684747E-5, 3.226002352199482E-5, 3.291461752622101E-5, 3.3164679877475684E-5, 3.3164679877475684E-5, 1.6692727393176635E-5, 1.6692727393176635E-5, 1.5903260008636824E-5
Occupy-Europe-South-America-Asia, 0.08333333333333333, 0.08333333333333333, 0.08333333333333333, 0.08445945837098895, 0.08445945837098895, 0.08445945837098895, 0.08445945837098895, 0.08445945837098895, 0.08445945837098895, 0.08559298603135368, 0.08559298603135368, 0.08559298603135368, 0.08559298603135368, 0.08559298603135368, 0.08559298603135368, 0.0867337559697717, 0.0867337559697717, 0.0867337559697717, 0.0867337559697717, 0.0867337559697717, 0.0867337559697717, 0.08788160281193548, 0.08788160281193548, 0.08788160281193548, 0.08788160281193548, 0.08788160281193548, 0.08788160281193548, 0.089036356219619, 0.089036356219619, 0.089036356219619, 0.089036356219619, 0.089036356219619, 0.089036356219619, 0.09019784096334646, 0.09019784096334646, 0.09019784096334646, 0.09019784096334646, 0.09019784096334646, 0.09019784096334646, 0.09136587700199511, 0.09136587700199511, 0.09136587700199511, 0.09136587700199511, 0.09136587700199511, 0.09136587700199511, 0.09254027956931393, 0.09254027956931393, 0.09254027956931393, 0.09254027956931393, 0.09254027956931393, 0.09254027956931393, 0.09372085926732487, 0.09372085926732487, 0.09372085926732487, 0.09372085926732487, 0.09372085926732487, 0.09372085926732487, 0.09490742216655663, 0.09490742216655663, 0.09490742216655663, 0.09490742216655663, 0.09490742216655663, 0.09490742216655663, 0.0960997699130453, 0.0960997699130453, 0.0960997699130453, 0.0960997699130453, 0.0960997699130453, 0.0960997699130453, 0.09729769984201868, 0.09729769984201868, 0.09729769984201868, 0.09729769984201868, 0.09729769984201868, 0.09729769984201868, 0.0985010050981653, 0.0985010050981653, 0.0985010050981653, 0.0985010050981653, 0.0985010050981653, 0.09978824025996233, 0.07712567387523339, 0.07712567387523339, 0.07605349085322931, 0.07615647182991943, 0.07615647182991943, 0.07615647182991943, 0.07651781957913396, 0.07651781957913396, 0.07651781957913396, 0.07643002162984945, 0.07676489571251643, 0.07676489571251643, 0.06120873899856469, 0.06120873899856469, 0.060800826839498535, 0.06073730428027191, 0.06073730428027191, 0.06073730428027191, 0.05869227106838863, 0.05891109731007405, 0.05891109731007405, 0.05891109731007405, 0.05891109731007405, 0.059271499134252635, 0.0520799056664485, 0.0520799056664485, 0.0520799056664485, 0.05201894743674112, 0.05201894743674112, 0.05201894743674112, 0.03708641846481583, 0.03708641846481583, 0.03708641846481583, 0.037076317943751894, 0.037076317943751894, 0.03706225987497418, 0.03241970612544797, 0.03241970612544797, 0.0322190821627475, 0.03160357074591284, 0.03160357074591284, 0.03160357074591284, 0.029339707101840064, 0.029517185154730344, 0.029517185154730344, 0.029510234095535794, 0.029510234095535794, 0.029510234095535794, 0.028451689558681485, 0.028451689558681485, 0.028451689558681485, 0.028446219331909505, 0.028446219331909505, 0.028446219331909505, 0.028387149496265852, 0.028382484090717027, 0.028382484090717027, 0.028382484090717027, 0.028382484090717027, 0.026133723289047277, 0.026130682778141776, 0.026130682778141776, 0.026130682778141776, 0.026130682778141776, 0.025131811577798414, 0.02512932701267106, 0.02512932701267106, 0.02512932701267106, 0.022960956690424365, 0.022958763771129955, 0.022958763771129955, 0.022958763771129955, 0.016925128680664148, 0.016925128680664148, 0.0169264940073775, 0.016925100819174203, 0.016505037633807153, 0.016505037633807153, 0.016584625685815334, 0.016584625685815334, 0.012321780604605087, 0.012321780604605087, 0.012322460801286237, 0.012320336032097428, 0.012065058971694355, 0.012281798086117148, 0.012281798086117148, 0.012281798086117148, 0.011489851285729458, 0.011489851285729458, 0.011489851285729458, 0.011263516258115308, 0.01007133941006802, 0.01007133941006802, 0.01015707020395155, 0.01015707020395155, 0.007047549771806768, 0.007047549771806768, 0.007005344602354971, 0.007037804558630351, 0.0031695882408414667, 0.0031687901493500587, 0.0031839159917822187, 0.0031839159917822187, 0.00140770396789761, 0.0014075426136133057, 0.0014182361425650212, 0.0014182361425650212, 6.295290373906295E-4, 6.295290373906295E-4, 5.997560331993675E-4
Occupy-North-America-Africa, 0.08333333333333333, 0.08333333333333333, 0.08333333333333333, 0.0827702708145055, 0.0827702708145055, 0.0827702708145055, 0.0827702708145055, 0.0827702708145055, 0.0827702708145055, 0.08220350698432313, 0.08220350698432313, 0.08220350698432313, 0.08220350698432313, 0.08220350698432313, 0.08220350698432313, 0.08163312201511415, 0.08163312201511415, 0.08163312201511415, 0.08163312201511415, 0.08163312201511415, 0.08163312201511415, 0.08105919859403224, 0.08105919859403224, 0.08105919859403224, 0.08105919859403224, 0.08105919859403224, 0.08105919859403224, 0.08048182189019051, 0.08048182189019051, 0.08048182189019051, 0.08048182189019051, 0.08048182189019051, 0.08048182189019051, 0.07990107951832678, 0.07990107951832678, 0.07990107951832678, 0.07990107951832678, 0.07990107951832678, 0.07990107951832678, 0.07931706149900244, 0.07931706149900244, 0.07931706149900244, 0.07931706149900244, 0.07931706149900244, 0.07931706149900244, 0.07872986021534303, 0.07872986021534303, 0.07872986021534303, 0.07872986021534303, 0.07872986021534303, 0.07872986021534303, 0.07813957036633759, 0.07813957036633759, 0.07813957036633759, 0.07813957036633759, 0.07813957036633759, 0.07813957036633759, 0.07754628891672169, 0.07754628891672169, 0.07754628891672169, 0.07754628891672169, 0.07754628891672169, 0.07754628891672169, 0.07695011504347732, 0.07695011504347732, 0.07695011504347732, 0.07695011504347732, 0.07695011504347732, 0.07695011504347732, 0.07635115007899067, 0.07635115007899067, 0.07635115007899067, 0.07635115007899067, 0.07635115007899067, 0.07635115007899067, 0.07574949745091736, 0.07574949745091736, 0.07574949745091736, 0.07574949745091736, 0.07574949745091736, 0.07370053257957682, 0.01706782644911382, 0.01706782644911382, 0.017882167026263836, 0.017555275377548467, 0.017555275377548467, 0.017555275377548467, 0.01303342716141834, 0.01303342716141834, 0.01303342716141834, 0.013284155219107713, 0.013075512113727195, 0.013075512113727195, 0.013055421284420603, 0.013055421284420603, 0.013503140150029621, 0.013764318656091575, 0.013764318656091575, 0.013764318656091575, 0.010670255456571076, 0.010495837512346883, 0.010495837512346883, 0.010495837512346883, 0.010495837512346883, 0.01034884738613137, 0.0071465491288584615, 0.0071465491288584615, 0.0071465491288584615, 0.007438461014228213, 0.007438461014228213, 0.007438461014228213, 0.003845993408690334, 0.003845993408690334, 0.003845993408690334, 0.00392341415706447, 0.00392341415706447, 0.003923495928289774, 0.0044584393931118346, 0.0044584393931118346, 0.004519465979117229, 0.004523598250336953, 0.004523598250336953, 0.004523598250336953, 0.003874891057158156, 0.0038203640222193008, 0.0038203640222193008, 0.00389741253361946, 0.00389741253361946, 0.00389741253361946, 0.0030735346185324333, 0.0030735346185324333, 0.0030735346185324333, 0.003135656764921175, 0.003135656764921175, 0.003135656764921175, 0.0025594819633083937, 0.0026112870047626823, 0.0026112870047626823, 0.0026112870047626823, 0.0026112870047626823, 0.0017790813029133744, 0.0018151778390240803, 0.0018151778390240803, 0.0018151778390240803, 0.0018151778390240803, 0.0014868473208827252, 0.001517041122648901, 0.001517041122648901, 0.001517041122648901, 0.0015627682213574334, 0.0015945091188887804, 0.0015945091188887804, 0.0015945091188887804, 0.001380181908795419, 0.001380181908795419, 0.0013532286980109753, 0.0013807319285115177, 0.0010160414838327058, 0.0010160414838327058, 0.0010209408826860663, 0.0010209408826860663, 8.550878178820182E-4, 8.550878178820182E-4, 8.383676834380657E-4, 8.905973215467623E-4, 0.0015332577865888714, 0.0014989938514458736, 0.0014989938514458736, 0.0014989938514458736, 9.975122764856559E-4, 9.975122764856559E-4, 9.975122764856559E-4, 9.97818950579144E-4, 6.737815639672773E-4, 6.737815639672773E-4, 6.659267026811416E-4, 6.659267026811416E-4, 3.5048985861900684E-4, 3.5048985861900684E-4, 3.5535871590854025E-4, 3.571481646180754E-4, 2.1272069737038083E-4, 2.3056641338217672E-4, 2.270336592248488E-4, 2.270336592248488E-4, 4.0498231448598626E-4, 4.131998842809813E-4, 4.080123155164934E-4, 4.080123155164934E-4, 3.06561228981577E-4, 3.06561228981577E-4, 3.10187349789553E-4
yura
LOSER
Conquer the continents of ASIA and SOUTH AMERICA., Turn 1, Turn 2, Turn 3, Turn 4, Turn 5, Turn 6, Turn 7, Turn 8, Turn 9, Turn 10, Turn 11, Turn 12, Turn 13, Turn 14, Turn 15, Turn 16, Turn 17, Turn 18, Turn 19, Turn 20, Turn 21, Turn 22, Turn 23, Turn 24, Turn 25, Turn 26, Turn 27, Turn 28, Turn 29, Turn 30, Turn 31, Turn 32, Turn 33, Turn 34, Turn 35, Turn 36, Turn 37, Turn 38, Turn 39, Turn 40, Turn 41, Turn 42, Turn 43, Turn 44, Turn 45, Turn 46, Turn 47, Turn 48, Turn 49, Turn 50, Turn 51, Turn 52, Turn 53, Turn 54, Turn 55, Turn 56, Turn 57, Turn 58, Turn 59, Turn 60, Turn 61, Turn 62, Turn 63, Turn 64, Turn 65, Turn 66, Turn 67, Turn 68, Turn 69, Turn 70, Turn 71, Turn 72, Turn 73, Turn 74, Turn 75, Turn 76, Turn 77, Turn 78, Turn 79, Turn 80, Turn 81, Turn 82, Turn 83, Turn 84, Turn 85, Turn 86, Turn 87, Turn 88, Turn 89, Turn 90, Turn 91, Turn 92, Turn 93, Turn 94, Turn 95, Turn 96, Turn 97, Turn 98, Turn 99, Turn 100, Turn 101, Turn 102, Turn 103, Turn 104, Turn 105, Turn 106, Turn 107, Turn 108, Turn 109, Turn 110, Turn 111, Turn 112, Turn 113, Turn 114, Turn 115, Turn 116, Turn 117, Turn 118, Turn 119, Turn 120, Turn 121, Turn 122, Turn 123, Turn 124, Turn 125, Turn 126, Turn 127, Turn 128, Turn 129, Turn 130, Turn 131, Turn 132, Turn 133, Turn 134, Turn 135, Turn 136, Turn 137, Turn 138, Turn 139, Turn 140, Turn 141, Turn 142, Turn 143, Turn 144, Turn 145, Turn 146, Turn 147, Turn 148, Turn 149, Turn 150, Turn 151, Turn 152, Turn 153, Turn 154, Turn 155, Turn 156, Turn 157, Turn 158, Turn 159, Turn 160, Turn 161, Turn 162, Turn 163, Turn 164, Turn 165, Turn 166, Turn 167, Turn 168, Turn 169, Turn 170, Turn 171, Turn 172, Turn 173, Turn 174, Turn 175, Turn 176, Turn 177, Turn 178, Turn 179, Turn 180, Turn 181, Turn 182, Turn 183, Turn 184, Turn 185, Turn 186, Turn 187, Turn 188, Turn 189, Turn 190, Turn 191, Turn 192
Occupy-Europe-Australia-Asia, 0.08333333333333333, 0.08333333333333333, 0.08333333333333333, 0.08333333333333333, 0.08249158330244728, 0.08249158330244728, 0.08249158330244728, 0.08249158330244728, 0.08249158330244728, 0.08249158330244728, 0.08165000502189981, 0.08165000502189981, 0.08165000502189981, 0.08165000502189981, 0.08165000502189981, 0.08165000502189981, 0.08080877010188262, 0.08080877010188262, 0.08080877010188262, 0.08080877010188262, 0.08080877010188262, 0.08080877010188262, 0.0799680498725365, 0.0799680498725365, 0.0799680498725365, 0.0799680498725365, 0.0799680498725365, 0.0799680498725365, 0.07912801524453272, 0.07912801524453272, 0.07912801524453272, 0.07912801524453272, 0.07912801524453272, 0.07912801524453272, 0.07828883657038012, 0.07828883657038012, 0.07828883657038012, 0.07828883657038012, 0.07828883657038012, 0.07828883657038012, 0.07745068350669673, 0.07745068350669673, 0.07745068350669673, 0.07745068350669673, 0.07745068350669673, 0.07745068350669673, 0.07694571902732715, 0.07694571902732715, 0.07694571902732715, 0.07694571902732715, 0.07694571902732715, 0.07694571902732715, 0.07774149241075606, 0.07774149241075606, 0.07774149241075606, 0.07774149241075606, 0.07774149241075606, 0.07774149241075606, 0.07853748314133813, 0.07853748314133813, 0.07853748314133813, 0.07853748314133813, 0.07853748314133813, 0.07853748314133813, 0.0793335288279513, 0.0793335288279513, 0.0793335288279513, 0.0793335288279513, 0.0793335288279513, 0.0793335288279513, 0.08012946703462379, 0.08012946703462379, 0.08012946703462379, 0.08012946703462379, 0.08012946703462379, 0.08012946703462379, 0.08122715244094426, 0.08122715244094426, 0.08209219523657735, 0.08207604815103246, 0.08259754937957947, 0.08153169832546435, 0.08894660806284367, 0.08894660806284367, 0.08838028569554118, 0.08907798644872933, 0.08905227544235376, 0.08905227544235376, 0.10117181275056304, 0.10117181275056304, 0.10117181275056304, 0.10117181275056304, 0.10183665101508485, 0.10183665101508485, 0.09857499352421735, 0.09857499352421735, 0.09857499352421735, 0.09857499352421735, 0.09791684140310547, 0.09791684140310547, 0.07177237203133197, 0.073057623387418, 0.073057623387418, 0.073057623387418, 0.073057623387418, 0.073057623387418, 0.054595368236732195, 0.057387415664848195, 0.057387415664848195, 0.05718055243242056, 0.05605636937948054, 0.05605636937948054, 0.0547279364394284, 0.0547279364394284, 0.0547279364394284, 0.0547279364394284, 0.0547279364394284, 0.0547279364394284, 0.04968723079892252, 0.04968723079892252, 0.04968723079892252, 0.04905415816975493, 0.04905415816975493, 0.04905415816975493, 0.04528345426176684, 0.04565637582292427, 0.04565637582292427, 0.046871501141889996, 0.046871501141889996, 0.046871501141889996, 0.04542820473181362, 0.047265403370682926, 0.047265403370682926, 0.047265403370682926, 0.047265403370682926, 0.047265403370682926, 0.047265403370682926, 0.047265403370682926, 0.047265403370682926, 0.047265403370682926, 0.047265403370682926, 0.047265403370682926, 0.047265403370682926, 0.047265403370682926, 0.047265403370682926, 0.047265403370682926, 0.047265403370682926, 0.047265403370682926, 0.047265403370682926, 0.047265403370682926, 0.047265403370682926, 0.047265403370682926, 0.047265403370682926, 0.047265403370682926, 0.047265403370682926, 0.047265403370682926, 0.047265403370682926, 0.047265403370682926, 0.047265403370682926, 0.047265403370682926, 0.047265403370682926, 0.047265403370682926, 0.047265403370682926, 0.047265403370682926, 0.047265403370682926, 0.047265403370682926, 0.047265403370682926, 0.047265403370682926, 0.047265403370682926, 0.047265403370682926, 0.047265403370682926, 0.047265403370682926, 0.047265403370682926, 0.047265403370682926, 0.047265403370682926, 0.047265403370682926, 0.047265403370682926, 0.047265403370682926, 0.047265403370682926, 0.047265403370682926, 0.047265403370682926, 0.047265403370682926, 0.047265403370682926, 0.047265403370682926, 0.047265403370682926, 0.047265403370682926, 0.047265403370682926, 0.047265403370682926, 0.047265403370682926, 0.047265403370682926, 0.047265403370682926, 0.047265403370682926
Occupy-Europe-South-America-North-America, 0.08333333333333333, 0.08333333333333333, 0.08333333333333333, 0.08333333333333333, 0.08417508336421936, 0.08417508336421936, 0.08417508336421936, 0.08417508336421936, 0.08417508336421936, 0.08417508336421936, 0.08501666164476683, 0.08501666164476683, 0.08501666164476683, 0.08501666164476683, 0.08501666164476683, 0.08501666164476683, 0.08585789656478407, 0.08585789656478407, 0.08585789656478407, 0.08585789656478407, 0.08585789656478407, 0.08585789656478407, 0.08669861679413018, 0.08669861679413018, 0.08669861679413018, 0.08669861679413018, 0.08669861679413018, 0.08669861679413018, 0.08753865142213392, 0.08753865142213392, 0.08753865142213392, 0.08753865142213392, 0.08753865142213392, 0.08753865142213392, 0.08837783009628654, 0.08837783009628654, 0.08837783009628654, 0.08837783009628654, 0.08837783009628654, 0.08837783009628654, 0.08921598315996992, 0.08921598315996992, 0.08921598315996992, 0.08921598315996992, 0.08921598315996992, 0.08921598315996992, 0.09044317278062508, 0.09044317278062508, 0.09044317278062508, 0.09044317278062508, 0.09044317278062508, 0.09044317278062508, 0.08955096796723871, 0.08955096796723871, 0.08955096796723871, 0.08955096796723871, 0.08955096796723871, 0.08955096796723871, 0.08865851946867741, 0.08865851946867741, 0.08865851946867741, 0.08865851946867741, 0.08865851946867741, 0.08865851946867741, 0.08776600935454, 0.08776600935454, 0.08776600935454, 0.08776600935454, 0.08776600935454, 0.08776600935454, 0.08687361974470993, 0.08687361974470993, 0.08687361974470993, 0.08687361974470993, 0.08687361974470993, 0.08687361974470993, 0.08630242043943775, 0.08630242043943775, 0.08547708459089871, 0.0854944694386904, 0.0860376909003793, 0.08662599508386545, 0.06994092257933006, 0.06994092257933006, 0.07088552012464382, 0.07004422866053929, 0.07005203221838675, 0.07005203221838675, 0.05326816418415443, 0.05326816418415443, 0.05326816418415443, 0.05326816418415443, 0.05256687299025951, 0.05256687299025951, 0.05514380369613829, 0.05514380369613829, 0.05514380369613829, 0.05514380369613829, 0.05591586219527124, 0.05591586219527124, 0.07318261504870203, 0.07154319531741987, 0.07154319531741987, 0.07154319531741987, 0.07154319531741987, 0.07154319531741987, 0.04558420227437306, 0.04601796349920787, 0.04601796349920787, 0.046731716546596525, 0.047701955717489405, 0.047701955717489405, 0.04849177969136182, 0.04849177969136182, 0.04849177969136182, 0.04849177969136182, 0.04849177969136182, 0.04849177969136182, 0.050692943606520234, 0.050692943606520234, 0.050692943606520234, 0.05104799722235629, 0.05104799722235629, 0.05104799722235629, 0.0515266545183465, 0.05195099053152085, 0.05195099053152085, 0.051221634060607354, 0.051221634060607354, 0.051221634060607354, 0.052725188873959696, 0.05163143442913698, 0.05163143442913698, 0.05163143442913698, 0.05163143442913698, 0.05163143442913698, 0.05163143442913698, 0.05163143442913698, 0.05163143442913698, 0.05163143442913698, 0.05163143442913698, 0.05163143442913698, 0.05163143442913698, 0.05163143442913698, 0.05163143442913698, 0.05163143442913698, 0.05163143442913698, 0.05163143442913698, 0.05163143442913698, 0.05163143442913698, 0.05163143442913698, 0.05163143442913698, 0.05163143442913698, 0.05163143442913698, 0.05163143442913698, 0.05163143442913698, 0.05163143442913698, 0.05163143442913698, 0.05163143442913698, 0.05163143442913698, 0.05163143442913698, 0.05163143442913698, 0.05163143442913698, 0.05163143442913698, 0.05163143442913698, 0.05163143442913698, 0.05163143442913698, 0.05163143442913698, 0.05163143442913698, 0.05163143442913698, 0.05163143442913698, 0.05163143442913698, 0.05163143442913698, 0.05163143442913698, 0.05163143442913698, 0.05163143442913698, 0.05163143442913698, 0.05163143442913698, 0.05163143442913698, 0.05163143442913698, 0.05163143442913698, 0.05163143442913698, 0.05163143442913698, 0.05163143442913698, 0.05163143442913698, 0.05163143442913698, 0.05163143442913698, 0.05163143442913698, 0.05163143442913698, 0.05163143442913698, 0.05163143442913698, 0.05163143442913698
Occupy-Asia-Africa, 0.08333333333333333, 0.08333333333333333, 0.08333333333333333, 0.08333333333333333, 0.08249158330244728, 0.08249158330244728, 0.08249158330244728, 0.08249158330244728, 0.08249158330244728, 0.08249158330244728, 0.08165000502189981, 0.08165000502189981, 0.08165000502189981, 0.08165000502189981, 0.08165000502189981, 0.08165000502189981, 0.08080877010188262, 0.08080877010188262, 0.08080877010188262, 0.08080877010188262, 0.08080877010188262, 0.08080877010188262, 0.0799680498725365, 0.0799680498725365, 0.0799680498725365, 0.0799680498725365, 0.0799680498725365, 0.0799680498725365, 0.07912801524453272, 0.07912801524453272, 0.07912801524453272, 0.07912801524453272, 0.07912801524453272, 0.07912801524453272, 0.07828883657038012, 0.07828883657038012, 0.07828883657038012, 0.07828883657038012, 0.07828883657038012, 0.07828883657038012, 0.07745068350669673, 0.07745068350669673, 0.07745068350669673, 0.07745068350669673, 0.07745068350669673, 0.07745068350669673, 0.07694571902732715, 0.07694571902732715, 0.07694571902732715, 0.07694571902732715, 0.07694571902732715, 0.07694571902732715, 0.07618666404534223, 0.07618666404534223, 0.07618666404534223, 0.07618666404534223, 0.07618666404534223, 0.07618666404534223, 0.07542740174498903, 0.07542740174498903, 0.07542740174498903, 0.07542740174498903, 0.07542740174498903, 0.07542740174498903, 0.07466808702437391, 0.07466808702437391, 0.07466808702437391, 0.07466808702437391, 0.07466808702437391, 0.07466808702437391, 0.0739088748243835, 0.0739088748243835, 0.0739088748243835, 0.0739088748243835, 0.0739088748243835, 0.0739088748243835, 0.07492134497169195, 0.07492134497169195, 0.07571923296553765, 0.07573463320229479, 0.07469152646812041, 0.07523234129982317, 0.058802359417534866, 0.058802359417534866, 0.058427965248790605, 0.057734523931828124, 0.057717859739337025, 0.057717859739337025, 0.050816837080237556, 0.050816837080237556, 0.050816837080237556, 0.050816837080237556, 0.050147818335330926, 0.050147818335330926, 0.04757083521800479, 0.04757083521800479, 0.04757083521800479, 0.04757083521800479, 0.04823686594456284, 0.04823686594456284, 0.041646160950845015, 0.04239193238521373, 0.04239193238521373, 0.04239193238521373, 0.04239193238521373, 0.04239193238521373, 0.08344443400413037, 0.08255369065011688, 0.08255369065011688, 0.08225611106583225, 0.08396390412157863, 0.08396390412157863, 0.08197411389354234, 0.08197411389354234, 0.08197411389354234, 0.08197411389354234, 0.08197411389354234, 0.08197411389354234, 0.07293542643713787, 0.07293542643713787, 0.07293542643713787, 0.07200614498128706, 0.07200614498128706, 0.07200614498128706, 0.07412888844110095, 0.07324457422313374, 0.07324457422313374, 0.07519394788696944, 0.07519394788696944, 0.07519394788696944, 0.07142095850279258, 0.07430935104488617, 0.07430935104488617, 0.07430935104488617, 0.07430935104488617, 0.07430935104488617, 0.07430935104488617, 0.07430935104488617, 0.07430935104488617, 0.07430935104488617, 0.07430935104488617, 0.07430935104488617, 0.07430935104488617, 0.07430935104488617, 0.07430935104488617, 0.07430935104488617, 0.07430935104488617, 0.07430935104488617, 0.07430935104488617, 0.07430935104488617, 0.07430935104488617, 0.07430935104488617, 0.07430935104488617, 0.07430935104488617, 0.07430935104488617, 0.07430935104488617, 0.07430935104488617, 0.07430935104488617, 0.07430935104488617, 0.07430935104488617, 0.07430935104488617, 0.07430935104488617, 0.07430935104488617, 0.07430935104488617, 0.07430935104488617, 0.07430935104488617, 0.07430935104488617, 0.07430935104488617, 0.07430935104488617, 0.07430935104488617, 0.07430935104488617, 0.07430935104488617, 0.07430935104488617, 0.07430935104488617, 0.07430935104488617, 0.07430935104488617, 0.07430935104488617, 0.07430935104488617, 0.07430935104488617, 0.07430935104488617, 0.07430935104488617, 0.07430935104488617, 0.07430935104488617, 0.07430935104488617, 0.07430935104488617, 0.07430935104488617, 0.07430935104488617, 0.07430935104488617, 0.07430935104488617, 0.07430935104488617, 0.07430935104488617, 0.07430935104488617
Occupy-Europe-South-America-Africa, 0.08333333333333333, 0.08333333333333333, 0.08333333333333333, 0.08333333333333333, 0.08417508336421936, 0.08417508336421936, 0.08417508336421936, 0.08417508336421936, 0.08417508336421936, 0.08417508336421936, 0.08501666164476683, 0.08501666164476683, 0.08501666164476683, 0.08501666164476683, 0.08501666164476683, 0.08501666164476683, 0.08585789656478407, 0.08585789656478407, 0.08585789656478407, 0.08585789656478407, 0.08585789656478407, 0.08585789656478407, 0.08669861679413018, 0.08669861679413018, 0.08669861679413018, 0.08669861679413018, 0.08669861679413018, 0.08669861679413018, 0.08753865142213392, 0.08753865142213392, 0.08753865142213392, 0.08753865142213392, 0.08753865142213392, 0.08753865142213392, 0.08837783009628654, 0.08837783009628654, 0.08837783009628654, 0.08837783009628654, 0.08837783009628654, 0.08837783009628654, 0.08921598315996992, 0.08921598315996992, 0.08921598315996992, 0.08921598315996992, 0.08921598315996992, 0.08921598315996992, 0.0886343110500792, 0.0886343110500792, 0.0886343110500792, 0.0886343110500792, 0.0886343110500792, 0.0886343110500792, 0.08775995031594311, 0.08775995031594311, 0.08775995031594311, 0.08775995031594311, 0.08775995031594311, 0.08775995031594311, 0.08688535077033091, 0.08688535077033091, 0.08688535077033091, 0.08688535077033091, 0.08688535077033091, 0.08688535077033091, 0.08601069084145295, 0.08601069084145295, 0.08601069084145295, 0.08601069084145295, 0.08601069084145295, 0.08601069084145295, 0.0851361490067985, 0.0851361490067985, 0.0851361490067985, 0.0851361490067985, 0.0851361490067985, 0.0851361490067985, 0.08457637367673701, 0.08457637367673701, 0.08376754452942672, 0.08378458168059416, 0.08263060155716018, 0.08156432399283284, 0.07456315927368751, 0.07456315927368751, 0.07408841621385556, 0.07320911177988738, 0.0732172679342153, 0.0732172679342153, 0.06577863478561398, 0.06577863478561398, 0.06577863478561398, 0.06577863478561398, 0.06491263953257495, 0.06491263953257495, 0.06283359755372421, 0.06283359755372421, 0.06283359755372421, 0.06283359755372421, 0.06371331947660364, 0.06371331947660364, 0.09091600983580683, 0.09069319289305774, 0.09069319289305774, 0.09069319289305774, 0.09069319289305774, 0.09069319289305774, 0.16164998400966166, 0.1535914196739153, 0.1535914196739153, 0.1530377718544621, 0.1562151265902188, 0.1562151265902188, 0.15880165475676175, 0.15880165475676175, 0.15880165475676175, 0.15880165475676175, 0.15880165475676175, 0.15880165475676175, 0.16933026273839677, 0.16933026273839677, 0.16933026273839677, 0.1705162526963365, 0.1705162526963365, 0.1705162526963365, 0.17577278439764313, 0.17367591803901666, 0.17367591803901666, 0.17123762661535763, 0.17123762661535763, 0.17123762661535763, 0.17280795988411843, 0.16922315576561958, 0.16922315576561958, 0.16922315576561958, 0.16922315576561958, 0.16922315576561958, 0.16922315576561958, 0.16922315576561958, 0.16922315576561958, 0.16922315576561958, 0.16922315576561958, 0.16922315576561958, 0.16922315576561958, 0.16922315576561958, 0.16922315576561958, 0.16922315576561958, 0.16922315576561958, 0.16922315576561958, 0.16922315576561958, 0.16922315576561958, 0.16922315576561958, 0.16922315576561958, 0.16922315576561958, 0.16922315576561958, 0.16922315576561958, 0.16922315576561958, 0.16922315576561958, 0.16922315576561958, 0.16922315576561958, 0.16922315576561958, 0.16922315576561958, 0.16922315576561958, 0.16922315576561958, 0.16922315576561958, 0.16922315576561958, 0.16922315576561958, 0.16922315576561958, 0.16922315576561958, 0.16922315576561958, 0.16922315576561958, 0.16922315576561958, 0.16922315576561958, 0.16922315576561958, 0.16922315576561958, 0.16922315576561958, 0.16922315576561958, 0.16922315576561958, 0.16922315576561958, 0.16922315576561958, 0.16922315576561958, 0.16922315576561958, 0.16922315576561958, 0.16922315576561958, 0.16922315576561958, 0.16922315576561958, 0.16922315576561958, 0.16922315576561958, 0.16922315576561958, 0.16922315576561958, 0.16922315576561958, 0.16922315576561958, 0.16922315576561958
Occupy-Europe-Australia-South-America, 0.08333333333333333, 0.08333333333333333, 0.08333333333333333, 0.08333333333333333, 0.08417508336421936, 0.08417508336421936, 0.08417508336421936, 0.08417508336421936, 0.08417508336421936, 0.08417508336421936, 0.08501666164476683, 0.08501666164476683, 0.08501666164476683, 0.08501666164476683, 0.08501666164476683, 0.08501666164476683, 0.08585789656478407, 0.08585789656478407, 0.08585789656478407, 0.08585789656478407, 0.08585789656478407, 0.08585789656478407, 0.08669861679413018, 0.08669861679413018, 0.08669861679413018, 0.08669861679413018, 0.08669861679413018, 0.08669861679413018, 0.08753865142213392, 0.08753865142213392, 0.08753865142213392, 0.08753865142213392, 0.08753865142213392, 0.08753865142213392, 0.08837783009628654, 0.08837783009628654, 0.08837783009628654, 0.08837783009628654, 0.08837783009628654, 0.08837783009628654, 0.08921598315996992, 0.08921598315996992, 0.08921598315996992, 0.08921598315996992, 0.08921598315996992, 0.08921598315996992, 0.0886343110500792, 0.0886343110500792, 0.0886343110500792, 0.0886343110500792, 0.0886343110500792, 0.0886343110500792, 0.08955096796723871, 0.08955096796723871, 0.08955096796723871, 0.08955096796723871, 0.08955096796723871, 0.08955096796723871, 0.09046787524810165, 0.09046787524810165, 0.09046787524810165, 0.09046787524810165, 0.09046787524810165, 0.09046787524810165, 0.09138484583320058, 0.09138484583320058, 0.09138484583320058, 0.09138484583320058, 0.09138484583320058, 0.09138484583320058, 0.09230169261140532, 0.09230169261140532, 0.09230169261140532, 0.09230169261140532, 0.09230169261140532, 0.09230169261140532, 0.0916948033986614, 0.0916948033986614, 0.09081789857971995, 0.09080003519607979, 0.09137696757737247, 0.09019782560590056, 0.11268091913486676, 0.11268091913486676, 0.11196348059208172, 0.11284735423113926, 0.11285992644263357, 0.11285992644263357, 0.13059399367576874, 0.13059399367576874, 0.13059399367576874, 0.13059399367576874, 0.1314521762243649, 0.1314521762243649, 0.1298387581915488, 0.1298387581915488, 0.1298387581915488, 0.1298387581915488, 0.12897186841503255, 0.12897186841503255, 0.1580139409471791, 0.15762668040531003, 0.15762668040531003, 0.15762668040531003, 0.15762668040531003, 0.15762668040531003, 0.11998376969388692, 0.12112548775203043, 0.12112548775203043, 0.12068886920708509, 0.11831609777222618, 0.11831609777222618, 0.1202751136890783, 0.1202751136890783, 0.1202751136890783, 0.1202751136890783, 0.1202751136890783, 0.1202751136890783, 0.1307640919365587, 0.1307640919365587, 0.1307640919365587, 0.13167996425251596, 0.13167996425251596, 0.13167996425251596, 0.1291531991681087, 0.1302168108878293, 0.1302168108878293, 0.1283886556847994, 0.1283886556847994, 0.1283886556847994, 0.13215736366874045, 0.12941583334868265, 0.12941583334868265, 0.12941583334868265, 0.12941583334868265, 0.12941583334868265, 0.12941583334868265, 0.12941583334868265, 0.12941583334868265, 0.12941583334868265, 0.12941583334868265, 0.12941583334868265, 0.12941583334868265, 0.12941583334868265, 0.12941583334868265, 0.12941583334868265, 0.12941583334868265, 0.12941583334868265, 0.12941583334868265, 0.12941583334868265, 0.12941583334868265, 0.12941583334868265, 0.12941583334868265, 0.12941583334868265, 0.12941583334868265, 0.12941583334868265, 0.12941583334868265, 0.12941583334868265, 0.12941583334868265, 0.12941583334868265, 0.12941583334868265, 0.12941583334868265, 0.12941583334868265, 0.12941583334868265, 0.12941583334868265, 0.12941583334868265, 0.12941583334868265, 0.12941583334868265, 0.12941583334868265, 0.12941583334868265, 0.12941583334868265, 0.12941583334868265, 0.12941583334868265, 0.12941583334868265, 0.12941583334868265, 0.12941583334868265, 0.12941583334868265, 0.12941583334868265, 0.12941583334868265, 0.12941583334868265, 0.12941583334868265, 0.12941583334868265, 0.12941583334868265, 0.12941583334868265, 0.12941583334868265, 0.12941583334868265, 0.12941583334868265, 0.12941583334868265, 0.12941583334868265, 0.12941583334868265, 0.12941583334868265, 0.12941583334868265
Occupy-Europe-South-America-Australia, 0.08333333333333333, 0.08333333333333333, 0.08333333333333333, 0.08333333333333333, 0.08417508336421936, 0.08417508336421936, 0.08417508336421936, 0.08417508336421936, 0.08417508336421936, 0.08417508336421936, 0.08501666164476683, 0.08501666164476683, 0.08501666164476683, 0.08501666164476683, 0.08501666164476683, 0.08501666164476683, 0.08585789656478407, 0.08585789656478407, 0.08585789656478407, 0.08585789656478407, 0.08585789656478407, 0.08585789656478407, 0.08669861679413018, 0.08669861679413018, 0.08669861679413018, 0.08669861679413018, 0.08669861679413018, 0.08669861679413018, 0.08753865142213392, 0.08753865142213392, 0.08753865142213392, 0.08753865142213392, 0.08753865142213392, 0.08753865142213392, 0.08837783009628654, 0.08837783009628654, 0.08837783009628654, 0.08837783009628654, 0.08837783009628654, 0.08837783009628654, 0.08921598315996992, 0.08921598315996992, 0.08921598315996992, 0.08921598315996992, 0.08921598315996992, 0.08921598315996992, 0.0886343110500792, 0.0886343110500792, 0.0886343110500792, 0.0886343110500792, 0.0886343110500792, 0.0886343110500792, 0.08955096796723871, 0.08955096796723871, 0.08955096796723871, 0.08955096796723871, 0.08955096796723871, 0.08955096796723871, 0.09046787524810165, 0.09046787524810165, 0.09046787524810165, 0.09046787524810165, 0.09046787524810165, 0.09046787524810165, 0.09138484583320058, 0.09138484583320058, 0.09138484583320058, 0.09138484583320058, 0.09138484583320058, 0.09138484583320058, 0.09230169261140532, 0.09230169261140532, 0.09230169261140532, 0.09230169261140532, 0.09230169261140532, 0.09230169261140532, 0.0916948033986614, 0.0916948033986614, 0.09081789857971995, 0.09080003519607979, 0.09137696757737247, 0.09019782560590056, 0.11268091913486676, 0.11268091913486676, 0.11196348059208172, 0.11284735423113926, 0.11285992644263357, 0.11285992644263357, 0.13059399367576874, 0.13059399367576874, 0.13059399367576874, 0.13059399367576874, 0.1314521762243649, 0.1314521762243649, 0.1298387581915488, 0.1298387581915488, 0.1298387581915488, 0.1298387581915488, 0.12897186841503255, 0.12897186841503255, 0.1580139409471791, 0.15762668040531003, 0.15762668040531003, 0.15762668040531003, 0.15762668040531003, 0.15762668040531003, 0.11998376969388692, 0.12112548775203043, 0.12112548775203043, 0.12068886920708509, 0.11831609777222618, 0.11831609777222618, 0.1202751136890783, 0.1202751136890783, 0.1202751136890783, 0.1202751136890783, 0.1202751136890783, 0.1202751136890783, 0.1307640919365587, 0.1307640919365587, 0.1307640919365587, 0.13167996425251596, 0.13167996425251596, 0.13167996425251596, 0.1291531991681087, 0.1302168108878293, 0.1302168108878293, 0.1283886556847994, 0.1283886556847994, 0.1283886556847994, 0.13215736366874045, 0.12941583334868265, 0.12941583334868265, 0.12941583334868265, 0.12941583334868265, 0.12941583334868265, 0.12941583334868265, 0.12941583334868265, 0.12941583334868265, 0.12941583334868265, 0.12941583334868265, 0.12941583334868265, 0.12941583334868265, 0.12941583334868265, 0.12941583334868265, 0.12941583334868265, 0.12941583334868265, 0.12941583334868265, 0.12941583334868265, 0.12941583334868265, 0.12941583334868265, 0.12941583334868265, 0.12941583334868265, 0.12941583334868265, 0.12941583334868265, 0.12941583334868265, 0.12941583334868265, 0.12941583334868265, 0.12941583334868265, 0.12941583334868265, 0.12941583334868265, 0.12941583334868265, 0.12941583334868265, 0.12941583334868265, 0.12941583334868265, 0.12941583334868265, 0.12941583334868265, 0.12941583334868265, 0.12941583334868265, 0.12941583334868265, 0.12941583334868265, 0.12941583334868265, 0.12941583334868265, 0.12941583334868265, 0.12941583334868265, 0.12941583334868265, 0.12941583334868265, 0.12941583334868265, 0.12941583334868265, 0.12941583334868265, 0.12941583334868265, 0.12941583334868265, 0.12941583334868265, 0.12941583334868265, 0.12941583334868265, 0.12941583334868265, 0.12941583334868265, 0.12941583334868265, 0.12941583334868265, 0.12941583334868265, 0.12941583334868265, 0.12941583334868265
Occupy-Europe-Australia-North-America, 0.08333333333333333, 0.08333333333333333, 0.08333333333333333, 0.08333333333333333, 0.08249158330244728, 0.08249158330244728, 0.08249158330244728, 0.08249158330244728, 0.08249158330244728, 0.08249158330244728, 0.08165000502189981, 0.08165000502189981, 0.08165000502189981, 0.08165000502189981, 0.08165000502189981, 0.08165000502189981, 0.08080877010188262, 0.08080877010188262, 0.08080877010188262, 0.08080877010188262, 0.08080877010188262, 0.08080877010188262, 0.0799680498725365, 0.0799680498725365, 0.0799680498725365, 0.0799680498725365, 0.0799680498725365, 0.0799680498725365, 0.07912801524453272, 0.07912801524453272, 0.07912801524453272, 0.07912801524453272, 0.07912801524453272, 0.07912801524453272, 0.07828883657038012, 0.07828883657038012, 0.07828883657038012, 0.07828883657038012, 0.07828883657038012, 0.07828883657038012, 0.07745068350669673, 0.07745068350669673, 0.07745068350669673, 0.07745068350669673, 0.07745068350669673, 0.07745068350669673, 0.07851603829566589, 0.07851603829566589, 0.07851603829566589, 0.07851603829566589, 0.07851603829566589, 0.07851603829566589, 0.07932805193642199, 0.07932805193642199, 0.07932805193642199, 0.07932805193642199, 0.07932805193642199, 0.07932805193642199, 0.08014028735998312, 0.08014028735998312, 0.08014028735998312, 0.08014028735998312, 0.08014028735998312, 0.08014028735998312, 0.08095257886112592, 0.08095257886112592, 0.08095257886112592, 0.08095257886112592, 0.08095257886112592, 0.08095257886112592, 0.08176476068886199, 0.08176476068886199, 0.08176476068886199, 0.08176476068886199, 0.08176476068886199, 0.08176476068886199, 0.08122715244094426, 0.08122715244094426, 0.08209219523657735, 0.08207604815103246, 0.08259754937957947, 0.08316233073687991, 0.09329415687264364, 0.09329415687264364, 0.09455415500140812, 0.09530059414948706, 0.09531121149389309, 0.09531121149389309, 0.09469153598729847, 0.09469153598729847, 0.09469153598729847, 0.09469153598729847, 0.09531378990110263, 0.09531378990110263, 0.10202679179058, 0.10202679179058, 0.10202679179058, 0.10202679179058, 0.10134559317187847, 0.10134559317187847, 0.06348434586313582, 0.06332875843817957, 0.06332875843817957, 0.06332875843817957, 0.06332875843817957, 0.06332875843817957, 0.0364519249241624, 0.03831610326971498, 0.03831610326971498, 0.038910398049258804, 0.03814541051050034, 0.03814541051050034, 0.03724143438084917, 0.03724143438084917, 0.03724143438084917, 0.03724143438084917, 0.03724143438084917, 0.03724143438084917, 0.032472391262452646, 0.032472391262452646, 0.032472391262452646, 0.0320586555444153, 0.0320586555444153, 0.0320586555444153, 0.030456275723652452, 0.03070709143714132, 0.03070709143714132, 0.031524347813814364, 0.031524347813814364, 0.031524347813814364, 0.030553630492601586, 0.03178927448700784, 0.03178927448700784, 0.03178927448700784, 0.03178927448700784, 0.03178927448700784, 0.03178927448700784, 0.03178927448700784, 0.03178927448700784, 0.03178927448700784, 0.03178927448700784, 0.03178927448700784, 0.03178927448700784, 0.03178927448700784, 0.03178927448700784, 0.03178927448700784, 0.03178927448700784, 0.03178927448700784, 0.03178927448700784, 0.03178927448700784, 0.03178927448700784, 0.03178927448700784, 0.03178927448700784, 0.03178927448700784, 0.03178927448700784, 0.03178927448700784, 0.03178927448700784, 0.03178927448700784, 0.03178927448700784, 0.03178927448700784, 0.03178927448700784, 0.03178927448700784, 0.03178927448700784, 0.03178927448700784, 0.03178927448700784, 0.03178927448700784, 0.03178927448700784, 0.03178927448700784, 0.03178927448700784, 0.03178927448700784, 0.03178927448700784, 0.03178927448700784, 0.03178927448700784, 0.03178927448700784, 0.03178927448700784, 0.03178927448700784, 0.03178927448700784, 0.03178927448700784, 0.03178927448700784, 0.03178927448700784, 0.03178927448700784, 0.03178927448700784, 0.03178927448700784, 0.03178927448700784, 0.03178927448700784, 0.03178927448700784, 0.03178927448700784, 0.03178927448700784, 0.03178927448700784, 0.03178927448700784, 0.03178927448700784, 0.03178927448700784
Occupy-Europe-Australia-Africa, 0.08333333333333333, 0.08333333333333333, 0.08333333333333333, 0.08333333333333333, 0.08249158330244728, 0.08249158330244728, 0.08249158330244728, 0.08249158330244728, 0.08249158330244728, 0.08249158330244728, 0.08165000502189981, 0.08165000502189981, 0.08165000502189981, 0.08165000502189981, 0.08165000502189981, 0.08165000502189981, 0.08080877010188262, 0.08080877010188262, 0.08080877010188262, 0.08080877010188262, 0.08080877010188262, 0.08080877010188262, 0.0799680498725365, 0.0799680498725365, 0.0799680498725365, 0.0799680498725365, 0.0799680498725365, 0.0799680498725365, 0.07912801524453272, 0.07912801524453272, 0.07912801524453272, 0.07912801524453272, 0.07912801524453272, 0.07912801524453272, 0.07828883657038012, 0.07828883657038012, 0.07828883657038012, 0.07828883657038012, 0.07828883657038012, 0.07828883657038012, 0.07745068350669673, 0.07745068350669673, 0.07745068350669673, 0.07745068350669673, 0.07745068350669673, 0.07745068350669673, 0.07694571902732715, 0.07694571902732715, 0.07694571902732715, 0.07694571902732715, 0.07694571902732715, 0.07694571902732715, 0.07774149241075606, 0.07774149241075606, 0.07774149241075606, 0.07774149241075606, 0.07774149241075606, 0.07774149241075606, 0.07853748314133813, 0.07853748314133813, 0.07853748314133813, 0.07853748314133813, 0.07853748314133813, 0.07853748314133813, 0.0793335288279513, 0.0793335288279513, 0.0793335288279513, 0.0793335288279513, 0.0793335288279513, 0.0793335288279513, 0.08012946703462379, 0.08012946703462379, 0.08012946703462379, 0.08012946703462379, 0.08012946703462379, 0.08012946703462379, 0.07960261094141036, 0.07960261094141036, 0.08045035289763017, 0.0804345287534882, 0.07932668951197769, 0.0783030461197597, 0.09782119633776609, 0.09782119633776609, 0.09719836953538567, 0.09796568291415336, 0.0979765971734479, 0.0979765971734479, 0.11337199584430299, 0.11337199584430299, 0.11337199584430299, 0.11337199584430299, 0.11411700612842562, 0.11411700612842562, 0.11271635654751391, 0.11271635654751391, 0.11271635654751391, 0.11271635654751391, 0.1119637872954802, 0.1119637872954802, 0.07868477833430171, 0.08009381241239158, 0.08009381241239158, 0.08009381241239158, 0.08009381241239158, 0.08009381241239158, 0.13138600803648903, 0.1299835033054596, 0.1299835033054596, 0.1295149544547312, 0.12696866011676758, 0.12696866011676758, 0.12395973620106462, 0.12395973620106462, 0.12395973620106462, 0.12395973620106462, 0.12395973620106462, 0.12395973620106462, 0.11029160049965468, 0.11029160049965468, 0.11029160049965468, 0.10888635829998411, 0.10888635829998411, 0.10888635829998411, 0.10564223434049026, 0.10438198436494468, 0.10438198436494468, 0.10716006715753558, 0.10716006715753558, 0.10716006715753558, 0.10178312117777641, 0.10589941440995704, 0.10589941440995704, 0.10589941440995704, 0.10589941440995704, 0.10589941440995704, 0.10589941440995704, 0.10589941440995704, 0.10589941440995704, 0.10589941440995704, 0.10589941440995704, 0.10589941440995704, 0.10589941440995704, 0.10589941440995704, 0.10589941440995704, 0.10589941440995704, 0.10589941440995704, 0.10589941440995704, 0.10589941440995704, 0.10589941440995704, 0.10589941440995704, 0.10589941440995704, 0.10589941440995704, 0.10589941440995704, 0.10589941440995704, 0.10589941440995704, 0.10589941440995704, 0.10589941440995704, 0.10589941440995704, 0.10589941440995704, 0.10589941440995704, 0.10589941440995704, 0.10589941440995704, 0.10589941440995704, 0.10589941440995704, 0.10589941440995704, 0.10589941440995704, 0.10589941440995704, 0.10589941440995704, 0.10589941440995704, 0.10589941440995704, 0.10589941440995704, 0.10589941440995704, 0.10589941440995704, 0.10589941440995704, 0.10589941440995704, 0.10589941440995704, 0.10589941440995704, 0.10589941440995704, 0.10589941440995704, 0.10589941440995704, 0.10589941440995704, 0.10589941440995704, 0.10589941440995704, 0.10589941440995704, 0.10589941440995704, 0.10589941440995704, 0.10589941440995704, 0.10589941440995704, 0.10589941440995704, 0.10589941440995704, 0.10589941440995704
Occupy-North-America-Australia, 0.08333333333333333, 0.08333333333333333, 0.08333333333333333, 0.08333333333333333, 0.08249158330244728, 0.08249158330244728, 0.08249158330244728, 0.08249158330244728, 0.08249158330244728, 0.08249158330244728, 0.08165000502189981, 0.08165000502189981, 0.08165000502189981, 0.08165000502189981, 0.08165000502189981, 0.08165000502189981, 0.08080877010188262, 0.08080877010188262, 0.08080877010188262, 0.08080877010188262, 0.08080877010188262, 0.08080877010188262, 0.0799680498725365, 0.0799680498725365, 0.0799680498725365, 0.0799680498725365, 0.0799680498725365, 0.0799680498725365, 0.07912801524453272, 0.07912801524453272, 0.07912801524453272, 0.07912801524453272, 0.07912801524453272, 0.07912801524453272, 0.07828883657038012, 0.07828883657038012, 0.07828883657038012, 0.07828883657038012, 0.07828883657038012, 0.07828883657038012, 0.07745068350669673, 0.07745068350669673, 0.07745068350669673, 0.07745068350669673, 0.07745068350669673, 0.07745068350669673, 0.07851603829566589, 0.07851603829566589, 0.07851603829566589, 0.07851603829566589, 0.07851603829566589, 0.07851603829566589, 0.07932805193642199, 0.07932805193642199, 0.07932805193642199, 0.07932805193642199, 0.07932805193642199, 0.07932805193642199, 0.08014028735998312, 0.08014028735998312, 0.08014028735998312, 0.08014028735998312, 0.08014028735998312, 0.08014028735998312, 0.08095257886112592, 0.08095257886112592, 0.08095257886112592, 0.08095257886112592, 0.08095257886112592, 0.08095257886112592, 0.08176476068886199, 0.08176476068886199, 0.08176476068886199, 0.08176476068886199, 0.08176476068886199, 0.08176476068886199, 0.08122715244094426, 0.08122715244094426, 0.08209219523657735, 0.08207604815103246, 0.08259754937957947, 0.08485951950848267, 0.09519811740498328, 0.09519811740498328, 0.09648382975625007, 0.09724550234150636, 0.09725633636619961, 0.09725633636619961, 0.09662401443300161, 0.09662401443300161, 0.09662401443300161, 0.09662401443300161, 0.09725896739391324, 0.09725896739391324, 0.10410896918863155, 0.10410896918863155, 0.10410896918863155, 0.10410896918863155, 0.10341386857083204, 0.10341386857083204, 0.06477994349750658, 0.06462118082206976, 0.06462118082206976, 0.06462118082206976, 0.06462118082206976, 0.06462118082206976, 0.043696290242908165, 0.04593095077788076, 0.04593095077788076, 0.046643354230670134, 0.04572633496226819, 0.04572633496226819, 0.044642704854500816, 0.044642704854500816, 0.044642704854500816, 0.044642704854500816, 0.044642704854500816, 0.044642704854500816, 0.03892587391303617, 0.03892587391303617, 0.03892587391303617, 0.03842991338264359, 0.03842991338264359, 0.03842991338264359, 0.038801739206257714, 0.039121282081162424, 0.039121282081162424, 0.040162478617470763, 0.040162478617470763, 0.040162478617470763, 0.03892577060095369, 0.040499999060722186, 0.040499999060722186, 0.040499999060722186, 0.040499999060722186, 0.040499999060722186, 0.040499999060722186, 0.040499999060722186, 0.040499999060722186, 0.040499999060722186, 0.040499999060722186, 0.040499999060722186, 0.040499999060722186, 0.040499999060722186, 0.040499999060722186, 0.040499999060722186, 0.040499999060722186, 0.040499999060722186, 0.040499999060722186, 0.040499999060722186, 0.040499999060722186, 0.040499999060722186, 0.040499999060722186, 0.040499999060722186, 0.040499999060722186, 0.040499999060722186, 0.040499999060722186, 0.040499999060722186, 0.040499999060722186, 0.040499999060722186, 0.040499999060722186, 0.040499999060722186, 0.040499999060722186, 0.040499999060722186, 0.040499999060722186, 0.040499999060722186, 0.040499999060722186, 0.040499999060722186, 0.040499999060722186, 0.040499999060722186, 0.040499999060722186, 0.040499999060722186, 0.040499999060722186, 0.040499999060722186, 0.040499999060722186, 0.040499999060722186, 0.040499999060722186, 0.040499999060722186, 0.040499999060722186, 0.040499999060722186, 0.040499999060722186, 0.040499999060722186, 0.040499999060722186, 0.040499999060722186, 0.040499999060722186, 0.040499999060722186, 0.040499999060722186, 0.040499999060722186, 0.040499999060722186, 0.040499999060722186, 0.040499999060722186, 0.040499999060722186
Occupy-Asia-South-America, 0.08333333333333333, 0.08333333333333333, 0.08333333333333333, 0.08333333333333333, 0.08417508336421936, 0.08417508336421936, 0.08417508336421936, 0.08417508336421936, 0.08417508336421936, 0.08417508336421936, 0.08501666164476683, 0.08501666164476683, 0.08501666164476683, 0.08501666164476683, 0.08501666164476683, 0.08501666164476683, 0.08585789656478407, 0.08585789656478407, 0.08585789656478407, 0.08585789656478407, 0.08585789656478407, 0.08585789656478407, 0.08669861679413018, 0.08669861679413018, 0.08669861679413018, 0.08669861679413018, 0.08669861679413018, 0.08669861679413018, 0.08753865142213392, 0.08753865142213392, 0.08753865142213392, 0.08753865142213392, 0.08753865142213392, 0.08753865142213392, 0.08837783009628654, 0.08837783009628654, 0.08837783009628654, 0.08837783009628654, 0.08837783009628654, 0.08837783009628654, 0.08921598315996992, 0.08921598315996992, 0.08921598315996992, 0.08921598315996992, 0.08921598315996992, 0.08921598315996992, 0.0886343110500792, 0.0886343110500792, 0.0886343110500792, 0.0886343110500792, 0.0886343110500792, 0.0886343110500792, 0.08775995031594311, 0.08775995031594311, 0.08775995031594311, 0.08775995031594311, 0.08775995031594311, 0.08775995031594311, 0.08688535077033091, 0.08688535077033091, 0.08688535077033091, 0.08688535077033091, 0.08688535077033091, 0.08688535077033091, 0.08601069084145295, 0.08601069084145295, 0.08601069084145295, 0.08601069084145295, 0.08601069084145295, 0.08601069084145295, 0.0851361490067985, 0.0851361490067985, 0.0851361490067985, 0.0851361490067985, 0.0851361490067985, 0.0851361490067985, 0.08630242043943773, 0.08630242043943773, 0.08547708459089869, 0.08549446943869038, 0.08603769090037927, 0.08666065928146122, 0.06773484842270873, 0.06773484842270873, 0.06730358116538374, 0.06650480127015915, 0.06648560567046465, 0.06648560567046465, 0.0585362694804547, 0.0585362694804547, 0.0585362694804547, 0.0585362694804547, 0.05776562211652106, 0.05776562211652106, 0.0547971772689166, 0.0547971772689166, 0.0547971772689166, 0.0547971772689166, 0.055564382713649545, 0.055564382713649545, 0.08219725292606354, 0.08199580391139126, 0.08199580391139126, 0.08199580391139126, 0.08199580391139126, 0.08199580391139126, 0.07817249427387615, 0.07891635278565909, 0.07891635278565909, 0.07863188463807808, 0.08026443187140991, 0.08026443187140991, 0.08159340825377753, 0.08159340825377753, 0.08159340825377753, 0.08159340825377753, 0.08159340825377753, 0.08159340825377753, 0.08870902392905394, 0.08870902392905394, 0.08870902392905394, 0.08933034235056393, 0.08933034235056393, 0.08933034235056393, 0.09312947569485998, 0.09389642225474781, 0.09389642225474781, 0.0925781805337247, 0.0925781805337247, 0.0925781805337247, 0.095295711348696, 0.09331885531297192, 0.09331885531297192, 0.09331885531297192, 0.09331885531297192, 0.09331885531297192, 0.09331885531297192, 0.09331885531297192, 0.09331885531297192, 0.09331885531297192, 0.09331885531297192, 0.09331885531297192, 0.09331885531297192, 0.09331885531297192, 0.09331885531297192, 0.09331885531297192, 0.09331885531297192, 0.09331885531297192, 0.09331885531297192, 0.09331885531297192, 0.09331885531297192, 0.09331885531297192, 0.09331885531297192, 0.09331885531297192, 0.09331885531297192, 0.09331885531297192, 0.09331885531297192, 0.09331885531297192, 0.09331885531297192, 0.09331885531297192, 0.09331885531297192, 0.09331885531297192, 0.09331885531297192, 0.09331885531297192, 0.09331885531297192, 0.09331885531297192, 0.09331885531297192, 0.09331885531297192, 0.09331885531297192, 0.09331885531297192, 0.09331885531297192, 0.09331885531297192, 0.09331885531297192, 0.09331885531297192, 0.09331885531297192, 0.09331885531297192, 0.09331885531297192, 0.09331885531297192, 0.09331885531297192, 0.09331885531297192, 0.09331885531297192, 0.09331885531297192, 0.09331885531297192, 0.09331885531297192, 0.09331885531297192, 0.09331885531297192, 0.09331885531297192, 0.09331885531297192, 0.09331885531297192, 0.09331885531297192, 0.09331885531297192, 0.09331885531297192
Occupy-Europe-South-America-Asia, 0.08333333333333333, 0.08333333333333333, 0.08333333333333333, 0.08333333333333333, 0.08417508336421936, 0.08417508336421936, 0.08417508336421936, 0.08417508336421936, 0.08417508336421936, 0.08417508336421936, 0.08501666164476683, 0.08501666164476683, 0.08501666164476683, 0.08501666164476683, 0.08501666164476683, 0.08501666164476683, 0.08585789656478407, 0.08585789656478407, 0.08585789656478407, 0.08585789656478407, 0.08585789656478407, 0.08585789656478407, 0.08669861679413018, 0.08669861679413018, 0.08669861679413018, 0.08669861679413018, 0.08669861679413018, 0.08669861679413018, 0.08753865142213392, 0.08753865142213392, 0.08753865142213392, 0.08753865142213392, 0.08753865142213392, 0.08753865142213392, 0.08837783009628654, 0.08837783009628654, 0.08837783009628654, 0.08837783009628654, 0.08837783009628654, 0.08837783009628654, 0.08921598315996992, 0.08921598315996992, 0.08921598315996992, 0.08921598315996992, 0.08921598315996992, 0.08921598315996992, 0.0886343110500792, 0.0886343110500792, 0.0886343110500792, 0.0886343110500792, 0.0886343110500792, 0.0886343110500792, 0.08775995031594311, 0.08775995031594311, 0.08775995031594311, 0.08775995031594311, 0.08775995031594311, 0.08775995031594311, 0.08688535077033091, 0.08688535077033091, 0.08688535077033091, 0.08688535077033091, 0.08688535077033091, 0.08688535077033091, 0.08601069084145295, 0.08601069084145295, 0.08601069084145295, 0.08601069084145295, 0.08601069084145295, 0.08601069084145295, 0.0851361490067985, 0.0851361490067985, 0.0851361490067985, 0.0851361490067985, 0.0851361490067985, 0.0851361490067985, 0.08630242043943773, 0.08630242043943773, 0.08547708459089869, 0.08549446943869038, 0.08603769090037927, 0.08492744774875288, 0.06638015274619423, 0.06638015274619423, 0.06595751082578996, 0.06517470651323434, 0.0651558948251676, 0.0651558948251676, 0.057365545207336305, 0.057365545207336305, 0.057365545207336305, 0.057365545207336305, 0.05661031077598241, 0.05661031077598241, 0.05370123476871146, 0.05370123476871146, 0.05370123476871146, 0.05370123476871146, 0.05445309611918303, 0.05445309611918303, 0.08055330943533041, 0.08035588939710923, 0.08035588939710923, 0.08035588939710923, 0.08035588939710923, 0.08035588939710923, 0.06610893751561969, 0.06673800399651815, 0.06673800399651815, 0.0664974348913834, 0.06787804790676853, 0.06787804790676853, 0.06900193703730936, 0.06900193703730936, 0.06900193703730936, 0.06900193703730936, 0.06900193703730936, 0.06900193703730936, 0.07501947295491683, 0.07501947295491683, 0.07501947295491683, 0.07554490969691208, 0.07554490969691208, 0.07554490969691208, 0.0740953023765394, 0.07470549734260717, 0.07470549734260717, 0.07365668311708086, 0.07365668311708086, 0.07365668311708086, 0.07581879415604567, 0.0742459758337157, 0.0742459758337157, 0.0742459758337157, 0.0742459758337157, 0.0742459758337157, 0.0742459758337157, 0.0742459758337157, 0.0742459758337157, 0.0742459758337157, 0.0742459758337157, 0.0742459758337157, 0.0742459758337157, 0.0742459758337157, 0.0742459758337157, 0.0742459758337157, 0.0742459758337157, 0.0742459758337157, 0.0742459758337157, 0.0742459758337157, 0.0742459758337157, 0.0742459758337157, 0.0742459758337157, 0.0742459758337157, 0.0742459758337157, 0.0742459758337157, 0.0742459758337157, 0.0742459758337157, 0.0742459758337157, 0.0742459758337157, 0.0742459758337157, 0.0742459758337157, 0.0742459758337157, 0.0742459758337157, 0.0742459758337157, 0.0742459758337157, 0.0742459758337157, 0.0742459758337157, 0.0742459758337157, 0.0742459758337157, 0.0742459758337157, 0.0742459758337157, 0.0742459758337157, 0.0742459758337157, 0.0742459758337157, 0.0742459758337157, 0.0742459758337157, 0.0742459758337157, 0.0742459758337157, 0.0742459758337157, 0.0742459758337157, 0.0742459758337157, 0.0742459758337157, 0.0742459758337157, 0.0742459758337157, 0.0742459758337157, 0.0742459758337157, 0.0742459758337157, 0.0742459758337157, 0.0742459758337157, 0.0742459758337157, 0.0742459758337157
Occupy-North-America-Africa, 0.08333333333333333, 0.08333333333333333, 0.08333333333333333, 0.08333333333333333, 0.08249158330244728, 0.08249158330244728, 0.08249158330244728, 0.08249158330244728, 0.08249158330244728, 0.08249158330244728, 0.08165000502189981, 0.08165000502189981, 0.08165000502189981, 0.08165000502189981, 0.08165000502189981, 0.08165000502189981, 0.08080877010188262, 0.08080877010188262, 0.08080877010188262, 0.08080877010188262, 0.08080877010188262, 0.08080877010188262, 0.0799680498725365, 0.0799680498725365, 0.0799680498725365, 0.0799680498725365, 0.0799680498725365, 0.0799680498725365, 0.07912801524453272, 0.07912801524453272, 0.07912801524453272, 0.07912801524453272, 0.07912801524453272, 0.07912801524453272, 0.07828883657038012, 0.07828883657038012, 0.07828883657038012, 0.07828883657038012, 0.07828883657038012, 0.07828883657038012, 0.07745068350669673, 0.07745068350669673, 0.07745068350669673, 0.07745068350669673, 0.07745068350669673, 0.07745068350669673, 0.07851603829566589, 0.07851603829566589, 0.07851603829566589, 0.07851603829566589, 0.07851603829566589, 0.07851603829566589, 0.07774149241075606, 0.07774149241075606, 0.07774149241075606, 0.07774149241075606, 0.07774149241075606, 0.07774149241075606, 0.07696673497649496, 0.07696673497649496, 0.07696673497649496, 0.07696673497649496, 0.07696673497649496, 0.07696673497649496, 0.07619192405217172, 0.07619192405217172, 0.07619192405217172, 0.07619192405217172, 0.07619192405217172, 0.07619192405217172, 0.0754172177407288, 0.0754172177407288, 0.0754172177407288, 0.0754172177407288, 0.0754172177407288, 0.0754172177407288, 0.07492134497169195, 0.07492134497169195, 0.07571923296553765, 0.07573463320229479, 0.07469152646812041, 0.07673698669087661, 0.06195664061257432, 0.06195664061257432, 0.06279340524878775, 0.062048153528196995, 0.06205506625126705, 0.06205506625126705, 0.04718720289549935, 0.04718720289549935, 0.04718720289549935, 0.04718720289549935, 0.046565969362075084, 0.046565969362075084, 0.048848724060464255, 0.048848724060464255, 0.048848724060464255, 0.048848724060464255, 0.04953264627936847, 0.04953264627936847, 0.036755330182617625, 0.03666525022512923, 0.03666525022512923, 0.03666525022512923, 0.03666525022512923, 0.03666525022512923, 0.058942817094273604, 0.05831362087261837, 0.05831362087261837, 0.059218083422396685, 0.060447563279065815, 0.060447563279065815, 0.059015067113247575, 0.059015067113247575, 0.059015067113247575, 0.059015067113247575, 0.059015067113247575, 0.059015067113247575, 0.050407589986790895, 0.050407589986790895, 0.050407589986790895, 0.04976533915071429, 0.04976533915071429, 0.04976533915071429, 0.05285679270312551, 0.05222624212714247, 0.05222624212714247, 0.053616221685950566, 0.053616221685950566, 0.053616221685950566, 0.050925932893761475, 0.05298546958793436, 0.05298546958793436, 0.05298546958793436, 0.05298546958793436, 0.05298546958793436, 0.05298546958793436, 0.05298546958793436, 0.05298546958793436, 0.05298546958793436, 0.05298546958793436, 0.05298546958793436, 0.05298546958793436, 0.05298546958793436, 0.05298546958793436, 0.05298546958793436, 0.05298546958793436, 0.05298546958793436, 0.05298546958793436, 0.05298546958793436, 0.05298546958793436, 0.05298546958793436, 0.05298546958793436, 0.05298546958793436, 0.05298546958793436, 0.05298546958793436, 0.05298546958793436, 0.05298546958793436, 0.05298546958793436, 0.05298546958793436, 0.05298546958793436, 0.05298546958793436, 0.05298546958793436, 0.05298546958793436, 0.05298546958793436, 0.05298546958793436, 0.05298546958793436, 0.05298546958793436, 0.05298546958793436, 0.05298546958793436, 0.05298546958793436, 0.05298546958793436, 0.05298546958793436, 0.05298546958793436, 0.05298546958793436, 0.05298546958793436, 0.05298546958793436, 0.05298546958793436, 0.05298546958793436, 0.05298546958793436, 0.05298546958793436, 0.05298546958793436, 0.05298546958793436, 0.05298546958793436, 0.05298546958793436, 0.05298546958793436, 0.05298546958793436, 0.05298546958793436, 0.05298546958793436, 0.05298546958793436, 0.05298546958793436, 0.05298546958793436
lala
LOSER
Conquer the continents of ASIA and AFRICA., Turn 1, Turn 2, Turn 3, Turn 4, Turn 5, Turn 6, Turn 7, Turn 8, Turn 9, Turn 10, Turn 11, Turn 12, Turn 13, Turn 14, Turn 15, Turn 16, Turn 17, Turn 18, Turn 19, Turn 20, Turn 21, Turn 22, Turn 23, Turn 24, Turn 25, Turn 26, Turn 27, Turn 28, Turn 29, Turn 30, Turn 31, Turn 32, Turn 33, Turn 34, Turn 35, Turn 36, Turn 37, Turn 38, Turn 39, Turn 40, Turn 41, Turn 42, Turn 43, Turn 44, Turn 45, Turn 46, Turn 47, Turn 48, Turn 49, Turn 50, Turn 51, Turn 52, Turn 53, Turn 54, Turn 55, Turn 56, Turn 57, Turn 58, Turn 59, Turn 60, Turn 61, Turn 62, Turn 63, Turn 64, Turn 65, Turn 66, Turn 67, Turn 68, Turn 69, Turn 70, Turn 71, Turn 72, Turn 73, Turn 74, Turn 75, Turn 76, Turn 77, Turn 78, Turn 79, Turn 80, Turn 81, Turn 82, Turn 83, Turn 84, Turn 85, Turn 86, Turn 87, Turn 88, Turn 89, Turn 90, Turn 91, Turn 92, Turn 93, Turn 94, Turn 95, Turn 96, Turn 97, Turn 98, Turn 99, Turn 100, Turn 101, Turn 102, Turn 103, Turn 104, Turn 105, Turn 106, Turn 107, Turn 108, Turn 109, Turn 110, Turn 111, Turn 112, Turn 113, Turn 114, Turn 115, Turn 116, Turn 117, Turn 118, Turn 119, Turn 120, Turn 121, Turn 122, Turn 123, Turn 124, Turn 125, Turn 126, Turn 127, Turn 128, Turn 129, Turn 130, Turn 131, Turn 132, Turn 133, Turn 134, Turn 135, Turn 136, Turn 137, Turn 138, Turn 139, Turn 140, Turn 141, Turn 142, Turn 143, Turn 144, Turn 145, Turn 146, Turn 147, Turn 148, Turn 149, Turn 150, Turn 151, Turn 152, Turn 153, Turn 154, Turn 155, Turn 156, Turn 157, Turn 158, Turn 159, Turn 160, Turn 161, Turn 162, Turn 163, Turn 164, Turn 165, Turn 166, Turn 167, Turn 168, Turn 169, Turn 170, Turn 171, Turn 172, Turn 173, Turn 174, Turn 175, Turn 176, Turn 177, Turn 178, Turn 179, Turn 180, Turn 181, Turn 182, Turn 183, Turn 184, Turn 185, Turn 186, Turn 187, Turn 188, Turn 189, Turn 190, Turn 191, Turn 192
Occupy-Europe-Australia-Asia, 0.08333333333333333, 0.08333333333333333, 0.08333333333333333, 0.08333333333333333, 0.08333333333333333, 0.08166666825612386, 0.0827702708145055, 0.0827702708145055, 0.0827702708145055, 0.0827702708145055, 0.0827702708145055, 0.0827702708145055, 0.08220350698432313, 0.08220350698432313, 0.08220350698432313, 0.08220350698432313, 0.08220350698432313, 0.08163312201511416, 0.08163312201511416, 0.08163312201511416, 0.08163312201511416, 0.08163312201511416, 0.08163312201511416, 0.08105919859403225, 0.08105919859403225, 0.08105919859403225, 0.08105919859403225, 0.08105919859403225, 0.08105919859403225, 0.08048182189019053, 0.08048182189019053, 0.08048182189019053, 0.08048182189019053, 0.08048182189019053, 0.08048182189019053, 0.07990107951832676, 0.07990107951832676, 0.07990107951832676, 0.07990107951832676, 0.07990107951832676, 0.07990107951832676, 0.07931706149900246, 0.07931706149900246, 0.07931706149900246, 0.07931706149900246, 0.07931706149900246, 0.07931706149900246, 0.07878755008618629, 0.07878755008618629, 0.07878755008618629, 0.07878755008618629, 0.07878755008618629, 0.07878755008618629, 0.07825447082925797, 0.07825447082925797, 0.07825447082925797, 0.07825447082925797, 0.07825447082925797, 0.07825447082925797, 0.07771789742089198, 0.07771789742089198, 0.07771789742089198, 0.07771789742089198, 0.07771789742089198, 0.07771789742089198, 0.07717790595816651, 0.07717790595816651, 0.07717790595816651, 0.07717790595816651, 0.07717790595816651, 0.07717790595816651, 0.0766102254361441, 0.0766102254361441, 0.0766102254361441, 0.0766102254361441, 0.0766102254361441, 0.0766102254361441, 0.07766667842444183, 0.07766667842444183, 0.07766667842444183, 0.07661022543614411, 0.07661022543614411, 0.07661022543614411, 0.01732427290940892, 0.01732427290940892, 0.01709513272307817, 0.01702705065109756, 0.017317603302973602, 0.017317603302973602, 0.020219047445811236, 0.020219047445811236, 0.020219047445811236, 0.019722333343904237, 0.020059288719750108, 0.020059288719750108, 0.013163162029022901, 0.013163162029022901, 0.013163162029022901, 0.013163162029022901, 0.012931784930685497, 0.01389907349826248, 0.010772655162016637, 0.010772655162016637, 0.010805473128335774, 0.010805473128335774, 0.010805473128335774, 0.010805473128335774, 0.0023154989748384825, 0.0023477435800113044, 0.002354090451923009, 0.002354090451923009, 0.002354090451923009, 0.0023549320514087164, 0.0018122388451008089, 0.0018122388451008089, 0.001877587496421197, 0.0018440426655244872, 0.001871774079456299, 0.0019052390170112453, 0.0018472253575259477, 0.0018472253575259477, 0.0018472253575259477, 0.0018472253575259477, 0.0018472253575259477, 0.0018472253575259477, 0.0016237584792531668, 0.0016237584792531668, 0.0016237584792531668, 0.0016237584792531668, 0.0016237584792531668, 0.0016237584792531668, 9.364728932240027E-4, 9.364728932240027E-4, 9.379349576051207E-4, 9.530960914633332E-4, 9.530960914633332E-4, 6.908453320721352E-4, 7.525254102887398E-4, 7.535530323382945E-4, 7.535530323382945E-4, 7.535530323382945E-4, 7.323864429868083E-4, 7.323864429868083E-4, 7.323864429868083E-4, 7.323864429868083E-4, 7.307515835287859E-4, 6.260146747097805E-4, 6.260146747097805E-4, 6.260146747097805E-4, 6.369898378818994E-4, 0.0014009849353542549, 0.001264264488251432, 0.0012849555475054196, 0.0012766182880188106, 9.018094724534146E-4, 9.018094724534146E-4, 9.018094724534146E-4, 9.018094724534146E-4, 8.505752523118258E-4, 8.643330477964077E-4, 8.643330477964077E-4, 8.513731007405607E-4, 7.622868199491446E-4, 7.625249832196234E-4, 7.625249832196234E-4, 7.625249832196234E-4, 7.626727570533233E-4, 8.176562825701446E-4, 8.176562825701446E-4, 8.176562825701446E-4, 5.707596153672921E-4, 5.903709748956189E-4, 5.903709748956189E-4, 5.903709748956189E-4, 3.6604595885296644E-4, 3.8001222700434365E-4, 3.8648789733804363E-4, 3.8648789733804363E-4, 2.7931025847128524E-4, 2.7955663965246997E-4, 2.7955663965246997E-4, 2.7955663965246997E-4, 2.6680247097776987E-4, 2.6680247097776987E-4, 2.7669158075538435E-4, 2.7669158075538435E-4, 2.747898924949416E-4, 2.747898924949416E-4, 2.744135628322605E-4, 2.744135628322605E-4, 2.2793559723089114E-4, 2.2793559723089114E-4
Occupy-Europe-South-America-North-America, 0.08333333333333333, 0.08333333333333333, 0.08333333333333333, 0.08333333333333333, 0.08333333333333333, 0.0827702708145055, 0.0827702708145055, 0.0827702708145055, 0.0827702708145055, 0.0827702708145055, 0.0827702708145055, 0.0827702708145055, 0.08220350698432313, 0.08220350698432313, 0.08220350698432313, 0.08220350698432313, 0.08220350698432313, 0.08163312201511416, 0.08163312201511416, 0.08163312201511416, 0.08163312201511416, 0.08163312201511416, 0.08163312201511416, 0.08105919859403225, 0.08105919859403225, 0.08105919859403225, 0.08105919859403225, 0.08105919859403225, 0.08105919859403225, 0.08048182189019053, 0.08048182189019053, 0.08048182189019053, 0.08048182189019053, 0.08048182189019053, 0.08048182189019053, 0.07990107951832676, 0.07990107951832676, 0.07990107951832676, 0.07990107951832676, 0.07990107951832676, 0.07990107951832676, 0.07931706149900246, 0.07931706149900246, 0.07931706149900246, 0.07931706149900246, 0.07931706149900246, 0.07931706149900246, 0.08039545770690268, 0.08039545770690268, 0.08039545770690268, 0.08039545770690268, 0.08039545770690268, 0.08039545770690268, 0.08148112014073827, 0.08148112014073827, 0.08148112014073827, 0.08148112014073827, 0.08148112014073827, 0.08148112014073827, 0.08257389871894595, 0.08257389871894595, 0.08257389871894595, 0.08257389871894595, 0.08257389871894595, 0.08257389871894595, 0.0836736384631841, 0.0836736384631841, 0.0836736384631841, 0.0836736384631841, 0.0836736384631841, 0.0836736384631841, 0.08305817871246164, 0.08305817871246164, 0.08305817871246164, 0.08305817871246164, 0.08305817871246164, 0.08305817871246164, 0.08251947943631333, 0.08251947943631333, 0.08251947943631333, 0.08305817871246164, 0.08305817871246164, 0.08305817871246164, 0.11288846909521132, 0.11288846909521132, 0.11366871743873459, 0.11548034545993331, 0.11510190660904668, 0.11510190660904668, 0.0993003169443726, 0.0993003169443726, 0.0993003169443726, 0.10085468328684737, 0.1005262283417329, 0.1005262283417329, 0.09640791798666534, 0.09640791798666534, 0.09640791798666534, 0.09640791798666534, 0.09660756007225657, 0.09577294200336711, 0.10868593327536422, 0.10868593327536422, 0.10683669697924773, 0.10683669697924773, 0.10683669697924773, 0.10683669697924773, 0.03336564853106174, 0.03383028365934733, 0.03257844054433, 0.03257844054433, 0.03257844054433, 0.03257705149481982, 0.02865460956331859, 0.02865460956331859, 0.028523654352585123, 0.028585767792489624, 0.029015651424811502, 0.028943726608678267, 0.027787392910092173, 0.027787392910092173, 0.027787392910092173, 0.027787392910092173, 0.027787392910092173, 0.027787392910092173, 0.02442583124483105, 0.02442583124483105, 0.02442583124483105, 0.02442583124483105, 0.02442583124483105, 0.02442583124483105, 0.02814478961532194, 0.02814478961532194, 0.027624956476847505, 0.02807149667622571, 0.02807149667622571, 0.01872585449917908, 0.01881422454108979, 0.018463118607562702, 0.018463118607562702, 0.018463118607562702, 0.018296360213427763, 0.018296360213427763, 0.018296360213427763, 0.018296360213427763, 0.018255518417639845, 0.015638997822886053, 0.015638997822886053, 0.015638997822886053, 0.015913177582384756, 0.014857348275196226, 0.015135238638667448, 0.01538294323086796, 0.015283133093752708, 0.013884383754827447, 0.013884383754827447, 0.013884383754827447, 0.013884383754827447, 0.015546923404272845, 0.01579839015225205, 0.01579839015225205, 0.015555281989282943, 0.016030985772459535, 0.016035994375390415, 0.016035994375390415, 0.016035994375390415, 0.019583496066298126, 0.01936542828297, 0.01936542828297, 0.01936542828297, 0.010829758281437457, 0.011201869898208854, 0.011201869898208854, 0.011201869898208854, 0.009302796748988549, 0.009086151763487949, 0.009240986053653151, 0.009240986053653151, 0.005473525158315497, 0.00536878642302123, 0.00536878642302123, 0.00536878642302123, 0.005166620453726026, 0.005166620453726026, 0.005358122716275993, 0.005358122716275993, 0.005522100234998856, 0.005522100234998856, 0.00551453762015935, 0.00551453762015935, 0.004680106251159377, 0.004680106251159377
Occupy-Asia-Africa, 0.08333333333333333, 0.08333333333333333, 0.08333333333333333, 0.08333333333333333, 0.08333333333333333, 0.08445945837098895, 0.08445945837098895, 0.08445945837098895, 0.08445945837098895, 0.08445945837098895, 0.08445945837098895, 0.08445945837098895, 0.08559298603135368, 0.08559298603135368, 0.08559298603135368, 0.08559298603135368, 0.08559298603135368, 0.08673375596977172, 0.08673375596977172, 0.08673375596977172, 0.08673375596977172, 0.08673375596977172, 0.08673375596977172, 0.08788160281193548, 0.08788160281193548, 0.08788160281193548, 0.08788160281193548, 0.08788160281193548, 0.08788160281193548, 0.089036356219619, 0.089036356219619, 0.089036356219619, 0.089036356219619, 0.089036356219619, 0.089036356219619, 0.09019784096334642, 0.09019784096334642, 0.09019784096334642, 0.09019784096334642, 0.09019784096334642, 0.09019784096334642, 0.09136587700199511, 0.09136587700199511, 0.09136587700199511, 0.09136587700199511, 0.09136587700199511, 0.09136587700199511, 0.09075592910805903, 0.09075592910805903, 0.09075592910805903, 0.09075592910805903, 0.09075592910805903, 0.09075592910805903, 0.09014187138957636, 0.09014187138957636, 0.09014187138957636, 0.09014187138957636, 0.09014187138957636, 0.09014187138957636, 0.0895237887336534, 0.0895237887336534, 0.0895237887336534, 0.0895237887336534, 0.0895237887336534, 0.0895237887336534, 0.08890176879704588, 0.08890176879704588, 0.08890176879704588, 0.08890176879704588, 0.08890176879704588, 0.08890176879704588, 0.09004882849197943, 0.09004882849197943, 0.09004882849197943, 0.09004882849197943, 0.09004882849197943, 0.09004882849197943, 0.09129059946199644, 0.09129059946199644, 0.09129059946199644, 0.09004882849197944, 0.09004882849197944, 0.09004882849197944, 0.03914796160455023, 0.03914796160455023, 0.039418539569147315, 0.037706797552493954, 0.03835023312140876, 0.03835023312140876, 0.045547540506615, 0.045547540506615, 0.045547540506615, 0.04442859038112315, 0.04518765129491714, 0.04518765129491714, 0.02900809096552725, 0.02900809096552725, 0.02900809096552725, 0.02900809096552725, 0.028498197681443033, 0.030629843155100592, 0.02374005274652322, 0.02374005274652322, 0.023812374772962618, 0.023812374772962618, 0.023812374772962618, 0.023812374772962618, 0.03048805977488705, 0.030294371018479937, 0.03037626858776177, 0.03037626858776177, 0.03037626858776177, 0.030387128260549737, 0.032047183593391315, 0.032047183593391315, 0.03320279298345959, 0.03260959448908767, 0.03243799078765913, 0.033017940765613873, 0.03435290977670924, 0.03435290977670924, 0.03435290977670924, 0.03435290977670924, 0.03435290977670924, 0.03435290977670924, 0.0369180500427004, 0.0369180500427004, 0.0369180500427004, 0.0369180500427004, 0.0369180500427004, 0.0369180500427004, 0.030252480486085705, 0.030252480486085705, 0.030299712044499424, 0.030161629370871218, 0.030161629370871218, 0.03128861973414659, 0.034082131426124346, 0.03412867277777899, 0.03412867277777899, 0.03412867277777899, 0.031855971295336925, 0.031855971295336925, 0.031855971295336925, 0.031855971295336925, 0.03243353125260613, 0.032636874650030075, 0.032636874650030075, 0.032636874650030075, 0.03254487724016905, 0.053443806428885056, 0.051241708762926316, 0.05103872918625909, 0.05279838541504513, 0.0489612200668848, 0.0489612200668848, 0.0489612200668848, 0.0489612200668848, 0.04762271409840431, 0.047425137968748254, 0.047425137968748254, 0.04671403791448308, 0.04182595782958191, 0.04182229004495883, 0.04182229004495883, 0.04182229004495883, 0.038550892043393986, 0.04133014951229028, 0.04133014951229028, 0.04133014951229028, 0.04965270694781995, 0.049324973371241275, 0.049324973371241275, 0.049324973371241275, 0.03490691151115736, 0.036238764178043496, 0.03611917245204482, 0.03611917245204482, 0.04158808994943603, 0.04162477504213918, 0.04162477504213918, 0.04162477504213918, 0.029071008836638577, 0.029071008836638577, 0.02895465325844809, 0.02895465325844809, 0.02344833394610347, 0.02344833394610347, 0.023894102631097335, 0.023894102631097335, 0.023810207334377463, 0.023810207334377463
Occupy-Europe-South-America-Africa, 0.08333333333333333, 0.08333333333333333, 0.08333333333333333, 0.08333333333333333, 0.08333333333333333, 0.08445945837098895, 0.08445945837098895, 0.08445945837098895, 0.08445945837098895, 0.08445945837098895, 0.08445945837098895, 0.08445945837098895, 0.08559298603135368, 0.08559298603135368, 0.08559298603135368, 0.08559298603135368, 0.08559298603135368, 0.08673375596977172, 0.08673375596977172, 0.08673375596977172, 0.08673375596977172, 0.08673375596977172, 0.08673375596977172, 0.08788160281193548, 0.08788160281193548, 0.08788160281193548, 0.08788160281193548, 0.08788160281193548, 0.08788160281193548, 0.089036356219619, 0.089036356219619, 0.089036356219619, 0.089036356219619, 0.089036356219619, 0.089036356219619, 0.09019784096334642, 0.09019784096334642, 0.09019784096334642, 0.09019784096334642, 0.09019784096334642, 0.09019784096334642, 0.09136587700199511, 0.09136587700199511, 0.09136587700199511, 0.09136587700199511, 0.09136587700199511, 0.09136587700199511, 0.09075592910805903, 0.09075592910805903, 0.09075592910805903, 0.09075592910805903, 0.09075592910805903, 0.09075592910805903, 0.09014187138957636, 0.09014187138957636, 0.09014187138957636, 0.09014187138957636, 0.09014187138957636, 0.09014187138957636, 0.0895237887336534, 0.0895237887336534, 0.0895237887336534, 0.0895237887336534, 0.0895237887336534, 0.0895237887336534, 0.08890176879704588, 0.08890176879704588, 0.08890176879704588, 0.08890176879704588, 0.08890176879704588, 0.08890176879704588, 0.09004882849197943, 0.09004882849197943, 0.09004882849197943, 0.09004882849197943, 0.09004882849197943, 0.09004882849197943, 0.0894647892139865, 0.0894647892139865, 0.0894647892139865, 0.09004882849197943, 0.09004882849197943, 0.09004882849197943, 0.20565928868623104, 0.20565928868623104, 0.2070807387299221, 0.20205006223664282, 0.2013879271081942, 0.2013879271081942, 0.18242773093359482, 0.18242773093359482, 0.18242773093359482, 0.18528330615855682, 0.18467989126326784, 0.18467989126326784, 0.20758716586651696, 0.20758716586651696, 0.20758716586651696, 0.20758716586651696, 0.20801703859482643, 0.2062199247983672, 0.21905332860301577, 0.21905332860301577, 0.21972065570595095, 0.21972065570595095, 0.21972065570595095, 0.21972065570595095, 0.5872787294746474, 0.5835477840613881, 0.5851253426462907, 0.5851253426462907, 0.5851253426462907, 0.5851003946114244, 0.6280835645373635, 0.6280835645373635, 0.6252131427516306, 0.626574614128677, 0.6232773476434521, 0.6217323501532034, 0.6276560392225689, 0.6276560392225689, 0.6276560392225689, 0.6276560392225689, 0.6276560392225689, 0.6276560392225689, 0.6490695625110253, 0.6490695625110253, 0.6490695625110253, 0.6490695625110253, 0.6490695625110253, 0.6490695625110253, 0.6687962140760985, 0.6687962140760985, 0.6698403693633497, 0.6667877545738111, 0.6667877545738111, 0.7212801478591218, 0.7101903085432694, 0.7111601192771808, 0.7111601192771808, 0.7111601192771808, 0.7196837564623995, 0.7196837564623995, 0.7196837564623995, 0.7196837564623995, 0.7180772523998183, 0.7384614271749361, 0.7384614271749361, 0.7384614271749361, 0.7363798388086827, 0.6153596858837115, 0.6268693122052027, 0.6243861462318395, 0.6203349015556445, 0.6502524299510712, 0.6502524299510712, 0.6502524299510712, 0.6502524299510712, 0.6435963518299102, 0.6409262126187649, 0.6409262126187649, 0.6439423723690916, 0.650872879681509, 0.6508158036057046, 0.6508158036057046, 0.6508158036057046, 0.6373917824158646, 0.6302942441299303, 0.6302942441299303, 0.6302942441299303, 0.6877323723167973, 0.6831929825440466, 0.6831929825440466, 0.6831929825440466, 0.7356305707905813, 0.7331623235031347, 0.7307428108709114, 0.7307428108709114, 0.7691348193011529, 0.7698132775371909, 0.7698132775371909, 0.7698132775371909, 0.8031774231702576, 0.8031774231702576, 0.7999627368830471, 0.7999627368830471, 0.8094545291914943, 0.8094545291914943, 0.8083459667652693, 0.8083459667652693, 0.8207060187273317, 0.8207060187273317
Occupy-Europe-South-America-Australia, 0.08333333333333333, 0.08333333333333333, 0.08333333333333333, 0.08333333333333333, 0.08333333333333333, 0.08166666825612386, 0.0827702708145055, 0.0827702708145055, 0.0827702708145055, 0.0827702708145055, 0.0827702708145055, 0.0827702708145055, 0.08220350698432313, 0.08220350698432313, 0.08220350698432313, 0.08220350698432313, 0.08220350698432313, 0.08163312201511416, 0.08163312201511416, 0.08163312201511416, 0.08163312201511416, 0.08163312201511416, 0.08163312201511416, 0.08105919859403225, 0.08105919859403225, 0.08105919859403225, 0.08105919859403225, 0.08105919859403225, 0.08105919859403225, 0.08048182189019053, 0.08048182189019053, 0.08048182189019053, 0.08048182189019053, 0.08048182189019053, 0.08048182189019053, 0.07990107951832676, 0.07990107951832676, 0.07990107951832676, 0.07990107951832676, 0.07990107951832676, 0.07990107951832676, 0.07931706149900246, 0.07931706149900246, 0.07931706149900246, 0.07931706149900246, 0.07931706149900246, 0.07931706149900246, 0.07878755008618629, 0.07878755008618629, 0.07878755008618629, 0.07878755008618629, 0.07878755008618629, 0.07878755008618629, 0.07825447082925797, 0.07825447082925797, 0.07825447082925797, 0.07825447082925797, 0.07825447082925797, 0.07825447082925797, 0.07771789742089198, 0.07771789742089198, 0.07771789742089198, 0.07771789742089198, 0.07771789742089198, 0.07771789742089198, 0.07717790595816651, 0.07717790595816651, 0.07717790595816651, 0.07717790595816651, 0.07717790595816651, 0.07717790595816651, 0.0766102254361441, 0.0766102254361441, 0.0766102254361441, 0.0766102254361441, 0.0766102254361441, 0.0766102254361441, 0.07611334633732733, 0.07611334633732733, 0.07611334633732733, 0.07661022543614411, 0.07661022543614411, 0.07661022543614411, 0.12678132683473445, 0.12678132683473445, 0.12510444856076122, 0.12709833685031147, 0.12668182485984533, 0.12668182485984533, 0.11730514301005077, 0.11730514301005077, 0.11730514301005077, 0.11914134224591177, 0.11875333286694277, 0.11875333286694277, 0.13574565435172317, 0.13574565435172317, 0.13574565435172317, 0.13574565435172317, 0.13602675725396063, 0.13485158639391942, 0.14324362156502485, 0.14324362156502485, 0.14368000092343292, 0.14368000092343292, 0.14368000092343292, 0.14368000092343292, 0.08816077720271924, 0.08938846483442252, 0.08963011692177922, 0.08963011692177922, 0.08963011692177922, 0.08962629535549406, 0.07535381691722058, 0.07535381691722058, 0.07500944038847533, 0.07517278181416533, 0.07630325865608888, 0.07611411598378227, 0.07307327337080138, 0.07307327337080138, 0.07307327337080138, 0.07307327337080138, 0.07307327337080138, 0.07307327337080138, 0.06423328196487076, 0.06423328196487076, 0.06423328196487076, 0.06423328196487076, 0.06423328196487076, 0.06423328196487076, 0.061047377405466584, 0.061047377405466584, 0.06114268736767801, 0.06213102079113749, 0.06213102079113749, 0.04787534457448071, 0.04810127531674521, 0.04816696071480801, 0.04816696071480801, 0.04816696071480801, 0.04773191801211574, 0.04773191801211574, 0.04773191801211574, 0.04773191801211574, 0.04762536910155233, 0.04079933676239112, 0.04079933676239112, 0.04079933676239112, 0.04151462251585858, 0.061619196559463144, 0.059080240261460595, 0.0600471524569304, 0.059657544666655245, 0.05690163188128398, 0.05690163188128398, 0.05690163188128398, 0.05690163188128398, 0.058113246205916604, 0.05905321025268745, 0.05905321025268745, 0.059331111066205394, 0.06232142102939985, 0.06234089227442838, 0.06234089227442838, 0.06234089227442838, 0.06624893753014098, 0.0655112368200056, 0.0655112368200056, 0.0655112368200056, 0.04506740024519566, 0.046615920787677935, 0.046615920787677935, 0.046615920787677935, 0.04689626828356938, 0.04673891812497293, 0.04753538151226194, 0.04753538151226194, 0.03363756828070017, 0.033667240172633325, 0.033667240172633325, 0.033667240172633325, 0.0323994731752707, 0.0323994731752707, 0.03360036890083473, 0.03360036890083473, 0.03525827109227499, 0.03525827109227499, 0.035209984260665565, 0.035209984260665565, 0.030517982482935593, 0.030517982482935593
Occupy-Europe-Australia-South-America, 0.08333333333333333, 0.08333333333333333, 0.08333333333333333, 0.08333333333333333, 0.08333333333333333, 0.08166666825612386, 0.0827702708145055, 0.0827702708145055, 0.0827702708145055, 0.0827702708145055, 0.0827702708145055, 0.0827702708145055, 0.08220350698432313, 0.08220350698432313, 0.08220350698432313, 0.08220350698432313, 0.08220350698432313, 0.08163312201511416, 0.08163312201511416, 0.08163312201511416, 0.08163312201511416, 0.08163312201511416, 0.08163312201511416, 0.08105919859403225, 0.08105919859403225, 0.08105919859403225, 0.08105919859403225, 0.08105919859403225, 0.08105919859403225, 0.08048182189019053, 0.08048182189019053, 0.08048182189019053, 0.08048182189019053, 0.08048182189019053, 0.08048182189019053, 0.07990107951832676, 0.07990107951832676, 0.07990107951832676, 0.07990107951832676, 0.07990107951832676, 0.07990107951832676, 0.07931706149900246, 0.07931706149900246, 0.07931706149900246, 0.07931706149900246, 0.07931706149900246, 0.07931706149900246, 0.07878755008618629, 0.07878755008618629, 0.07878755008618629, 0.07878755008618629, 0.07878755008618629, 0.07878755008618629, 0.07825447082925797, 0.07825447082925797, 0.07825447082925797, 0.07825447082925797, 0.07825447082925797, 0.07825447082925797, 0.07771789742089198, 0.07771789742089198, 0.07771789742089198, 0.07771789742089198, 0.07771789742089198, 0.07771789742089198, 0.07717790595816651, 0.07717790595816651, 0.07717790595816651, 0.07717790595816651, 0.07717790595816651, 0.07717790595816651, 0.0766102254361441, 0.0766102254361441, 0.0766102254361441, 0.0766102254361441, 0.0766102254361441, 0.0766102254361441, 0.07611334633732733, 0.07611334633732733, 0.07611334633732733, 0.07661022543614411, 0.07661022543614411, 0.07661022543614411, 0.12678132683473445, 0.12678132683473445, 0.12510444856076122, 0.12709833685031147, 0.12668182485984533, 0.12668182485984533, 0.11730514301005077, 0.11730514301005077, 0.11730514301005077, 0.11914134224591177, 0.11875333286694277, 0.11875333286694277, 0.13574565435172317, 0.13574565435172317, 0.13574565435172317, 0.13574565435172317, 0.13602675725396063, 0.13485158639391942, 0.14324362156502485, 0.14324362156502485, 0.14368000092343292, 0.14368000092343292, 0.14368000092343292, 0.14368000092343292, 0.08816077720271924, 0.08938846483442252, 0.08963011692177922, 0.08963011692177922, 0.08963011692177922, 0.08962629535549406, 0.07535381691722058, 0.07535381691722058, 0.07500944038847533, 0.07517278181416533, 0.07630325865608888, 0.07611411598378227, 0.07307327337080138, 0.07307327337080138, 0.07307327337080138, 0.07307327337080138, 0.07307327337080138, 0.07307327337080138, 0.06423328196487076, 0.06423328196487076, 0.06423328196487076, 0.06423328196487076, 0.06423328196487076, 0.06423328196487076, 0.061047377405466584, 0.061047377405466584, 0.06114268736767801, 0.06213102079113749, 0.06213102079113749, 0.04787534457448071, 0.04810127531674521, 0.04816696071480801, 0.04816696071480801, 0.04816696071480801, 0.04773191801211574, 0.04773191801211574, 0.04773191801211574, 0.04773191801211574, 0.04762536910155233, 0.04079933676239112, 0.04079933676239112, 0.04079933676239112, 0.04151462251585858, 0.061619196559463144, 0.059080240261460595, 0.0600471524569304, 0.059657544666655245, 0.05690163188128398, 0.05690163188128398, 0.05690163188128398, 0.05690163188128398, 0.058113246205916604, 0.05905321025268745, 0.05905321025268745, 0.059331111066205394, 0.06232142102939985, 0.06234089227442838, 0.06234089227442838, 0.06234089227442838, 0.06624893753014098, 0.0655112368200056, 0.0655112368200056, 0.0655112368200056, 0.04506740024519566, 0.046615920787677935, 0.046615920787677935, 0.046615920787677935, 0.04689626828356938, 0.04673891812497293, 0.04753538151226194, 0.04753538151226194, 0.03363756828070017, 0.033667240172633325, 0.033667240172633325, 0.033667240172633325, 0.0323994731752707, 0.0323994731752707, 0.03360036890083473, 0.03360036890083473, 0.03525827109227499, 0.03525827109227499, 0.035209984260665565, 0.035209984260665565, 0.030517982482935593, 0.030517982482935593
Occupy-Europe-Australia-Africa, 0.08333333333333333, 0.08333333333333333, 0.08333333333333333, 0.08333333333333333, 0.08333333333333333, 0.08333333333333333, 0.08445945837098895, 0.08445945837098895, 0.08445945837098895, 0.08445945837098895, 0.08445945837098895, 0.08445945837098895, 0.08559298603135368, 0.08559298603135368, 0.08559298603135368, 0.08559298603135368, 0.08559298603135368, 0.08673375596977172, 0.08673375596977172, 0.08673375596977172, 0.08673375596977172, 0.08673375596977172, 0.08673375596977172, 0.08788160281193548, 0.08788160281193548, 0.08788160281193548, 0.08788160281193548, 0.08788160281193548, 0.08788160281193548, 0.089036356219619, 0.089036356219619, 0.089036356219619, 0.089036356219619, 0.089036356219619, 0.089036356219619, 0.09019784096334642, 0.09019784096334642, 0.09019784096334642, 0.09019784096334642, 0.09019784096334642, 0.09019784096334642, 0.09136587700199511, 0.09136587700199511, 0.09136587700199511, 0.09136587700199511, 0.09136587700199511, 0.09136587700199511, 0.09075592910805903, 0.09075592910805903, 0.09075592910805903, 0.09075592910805903, 0.09075592910805903, 0.09075592910805903, 0.09014187138957636, 0.09014187138957636, 0.09014187138957636, 0.09014187138957636, 0.09014187138957636, 0.09014187138957636, 0.0895237887336534, 0.0895237887336534, 0.0895237887336534, 0.0895237887336534, 0.0895237887336534, 0.0895237887336534, 0.08890176879704588, 0.08890176879704588, 0.08890176879704588, 0.08890176879704588, 0.08890176879704588, 0.08890176879704588, 0.09004882849197943, 0.09004882849197943, 0.09004882849197943, 0.09004882849197943, 0.09004882849197943, 0.09004882849197943, 0.0894647892139865, 0.0894647892139865, 0.0894647892139865, 0.09004882849197943, 0.09004882849197943, 0.09004882849197943, 0.03180427017934378, 0.03180427017934378, 0.03138360973182506, 0.03002078289959348, 0.030533062933382513, 0.030533062933382513, 0.027105278981842795, 0.027105278981842795, 0.027105278981842795, 0.027529562958462598, 0.027999904579395014, 0.027999904579395014, 0.020848641151437676, 0.020848641151437676, 0.020848641151437676, 0.020848641151437676, 0.020482171599269176, 0.02201422386686537, 0.020158797881715762, 0.020158797881715762, 0.020220209923590922, 0.020220209923590922, 0.020220209923590922, 0.020220209923590922, 0.04098902676412657, 0.04072862601449209, 0.04083873146836473, 0.04083873146836473, 0.04083873146836473, 0.04085333152562789, 0.04634893947664152, 0.04634893947664152, 0.04707869186676541, 0.04718121097115162, 0.04693292605478321, 0.047772027021578546, 0.04822718531311577, 0.04822718531311577, 0.04822718531311577, 0.04822718531311577, 0.04822718531311577, 0.04822718531311577, 0.05085042831136328, 0.05085042831136328, 0.05085042831136328, 0.05085042831136328, 0.05085042831136328, 0.05085042831136328, 0.0364484173943028, 0.0364484173943028, 0.0365053223332561, 0.03633895928326961, 0.03633895928326961, 0.039308715172245844, 0.04196191258891122, 0.04201921429065882, 0.04201921429065882, 0.04201921429065882, 0.04252283721285749, 0.04252283721285749, 0.04252283721285749, 0.04252283721285749, 0.042427916200507954, 0.04536017105283336, 0.04536017105283336, 0.04536017105283336, 0.04523230898600062, 0.06990552917097909, 0.06702514296888731, 0.06675964176929172, 0.06632648090412079, 0.051174631599432446, 0.051174631599432446, 0.051174631599432446, 0.051174631599432446, 0.04677943304367339, 0.04658535550098702, 0.04658535550098702, 0.045886847278479706, 0.03937343460016229, 0.03936998188119353, 0.03936998188119353, 0.03936998188119353, 0.0362904068529173, 0.038906698693368734, 0.038906698693368734, 0.038906698693368734, 0.043862382896169616, 0.043572868456625925, 0.043572868456625925, 0.043572868456625925, 0.030836190261170026, 0.03201272695427795, 0.031907081594751426, 0.031907081594751426, 0.034827257050824886, 0.03485797837404649, 0.03485797837404649, 0.03485797837404649, 0.04124973261353145, 0.04124973261353145, 0.04108463216877491, 0.04108463216877491, 0.041572113369629855, 0.041572113369629855, 0.04151517961832159, 0.04151517961832159, 0.04293052441098086, 0.04293052441098086
Occupy-North-America-Australia, 0.08333333333333333, 0.08333333333333333, 0.08333333333333333, 0.08333333333333333, 0.08333333333333333, 0.08166666825612386, 0.0827702708145055, 0.0827702708145055, 0.0827702708145055, 0.0827702708145055, 0.0827702708145055, 0.0827702708145055, 0.08220350698432313, 0.08220350698432313, 0.08220350698432313, 0.08220350698432313, 0.08220350698432313, 0.08163312201511416, 0.08163312201511416, 0.08163312201511416, 0.08163312201511416, 0.08163312201511416, 0.08163312201511416, 0.08105919859403225, 0.08105919859403225, 0.08105919859403225, 0.08105919859403225, 0.08105919859403225, 0.08105919859403225, 0.08048182189019053, 0.08048182189019053, 0.08048182189019053, 0.08048182189019053, 0.08048182189019053, 0.08048182189019053, 0.07990107951832676, 0.07990107951832676, 0.07990107951832676, 0.07990107951832676, 0.07990107951832676, 0.07990107951832676, 0.07931706149900246, 0.07931706149900246, 0.07931706149900246, 0.07931706149900246, 0.07931706149900246, 0.07931706149900246, 0.08039545770690268, 0.08039545770690268, 0.08039545770690268, 0.08039545770690268, 0.08039545770690268, 0.08039545770690268, 0.08148112014073827, 0.08148112014073827, 0.08148112014073827, 0.08148112014073827, 0.08148112014073827, 0.08148112014073827, 0.08257389871894595, 0.08257389871894595, 0.08257389871894595, 0.08257389871894595, 0.08257389871894595, 0.08257389871894595, 0.0836736384631841, 0.0836736384631841, 0.0836736384631841, 0.0836736384631841, 0.0836736384631841, 0.0836736384631841, 0.08305817871246164, 0.08305817871246164, 0.08305817871246164, 0.08305817871246164, 0.08305817871246164, 0.08305817871246164, 0.08251947943631333, 0.08251947943631333, 0.08251947943631333, 0.08305817871246164, 0.08305817871246164, 0.08305817871246164, 0.02397160844825939, 0.02397160844825939, 0.023654547013404092, 0.02356034180315374, 0.023962379709205957, 0.023962379709205957, 0.02122401447011277, 0.02122401447011277, 0.02122401447011277, 0.02155623791873501, 0.02192452549014326, 0.02192452549014326, 0.013493056811099222, 0.013493056811099222, 0.013493056811099222, 0.013493056811099222, 0.013255880946685311, 0.014247411672073778, 0.013747558276348115, 0.013747558276348115, 0.013513650511272483, 0.013513650511272483, 0.013513650511272483, 0.013513650511272483, 0.004241559114775089, 0.004300625173736592, 0.004141486454468867, 0.004141486454468867, 0.004141486454468867, 0.0041429670572499955, 0.004126862134912184, 0.004126862134912184, 0.004191838540859546, 0.0042009667369903286, 0.004264142470217801, 0.004340379908836826, 0.00425158347075774, 0.00425158347075774, 0.00425158347075774, 0.00425158347075774, 0.00425158347075774, 0.00425158347075774, 0.003975798876423493, 0.003975798876423493, 0.003975798876423493, 0.003975798876423493, 0.003975798876423493, 0.003975798876423493, 0.0041291067254851125, 0.0041291067254851125, 0.004052842289419252, 0.004118353958387217, 0.004118353958387217, 0.0028165570065492203, 0.003130637645464971, 0.0030722145384883626, 0.0030722145384883626, 0.0030722145384883626, 0.0028688241435807535, 0.0028688241435807535, 0.0028688241435807535, 0.0028688241435807535, 0.0029208369337235516, 0.0025575263627115193, 0.0025575263627115193, 0.0025575263627115193, 0.002602364399712437, 0.005824795222192993, 0.0055847904616685585, 0.005676191613434919, 0.005871889000254905, 0.004738140193175711, 0.004738140193175711, 0.004738140193175711, 0.004738140193175711, 0.005182525094681873, 0.005266350858660493, 0.005266350858660493, 0.0050836387288947255, 0.004646522116630001, 0.004647973841721774, 0.004647973841721774, 0.004647973841721774, 0.005342398226132165, 0.005727548851313107, 0.005727548851313107, 0.005727548851313107, 0.003754997486456851, 0.0038840195891987903, 0.0038840195891987903, 0.0038840195891987903, 0.0023049756646021514, 0.0023450622872140097, 0.0023850237653056526, 0.0023850237653056526, 0.0016166658588238703, 0.0015857301213331265, 0.0015857301213331265, 0.0015857301213331265, 0.0011786460695298554, 0.0011786460695298554, 0.0012223329226831222, 0.0012223329226831222, 0.001077870777314614, 0.001077870777314614, 0.0010983618296896462, 0.0010983618296896462, 9.718299139964859E-4, 9.718299139964859E-4
Occupy-Europe-Australia-North-America, 0.08333333333333333, 0.08333333333333333, 0.08333333333333333, 0.08333333333333333, 0.08333333333333333, 0.08166666825612386, 0.0827702708145055, 0.0827702708145055, 0.0827702708145055, 0.0827702708145055, 0.0827702708145055, 0.0827702708145055, 0.08220350698432313, 0.08220350698432313, 0.08220350698432313, 0.08220350698432313, 0.08220350698432313, 0.08163312201511416, 0.08163312201511416, 0.08163312201511416, 0.08163312201511416, 0.08163312201511416, 0.08163312201511416, 0.08105919859403225, 0.08105919859403225, 0.08105919859403225, 0.08105919859403225, 0.08105919859403225, 0.08105919859403225, 0.08048182189019053, 0.08048182189019053, 0.08048182189019053, 0.08048182189019053, 0.08048182189019053, 0.08048182189019053, 0.07990107951832676, 0.07990107951832676, 0.07990107951832676, 0.07990107951832676, 0.07990107951832676, 0.07990107951832676, 0.07931706149900246, 0.07931706149900246, 0.07931706149900246, 0.07931706149900246, 0.07931706149900246, 0.07931706149900246, 0.08039545770690268, 0.08039545770690268, 0.08039545770690268, 0.08039545770690268, 0.08039545770690268, 0.08039545770690268, 0.08148112014073827, 0.08148112014073827, 0.08148112014073827, 0.08148112014073827, 0.08148112014073827, 0.08148112014073827, 0.08257389871894595, 0.08257389871894595, 0.08257389871894595, 0.08257389871894595, 0.08257389871894595, 0.08257389871894595, 0.0836736384631841, 0.0836736384631841, 0.0836736384631841, 0.0836736384631841, 0.0836736384631841, 0.0836736384631841, 0.08305817871246164, 0.08305817871246164, 0.08305817871246164, 0.08305817871246164, 0.08305817871246164, 0.08305817871246164, 0.08251947943631333, 0.08251947943631333, 0.08251947943631333, 0.08305817871246164, 0.08305817871246164, 0.08305817871246164, 0.016549076306709213, 0.016549076306709213, 0.01633018928915007, 0.016265153635981966, 0.01654270514028792, 0.01654270514028792, 0.013986232070654012, 0.013986232070654012, 0.013986232070654012, 0.014205161164312839, 0.01444785584630652, 0.01444785584630652, 0.00889167429509153, 0.00889167429509153, 0.00889167429509153, 0.00889167429509153, 0.00873537979736952, 0.009388780163732601, 0.009059386042570072, 0.009059386042570072, 0.00890524516172575, 0.00890524516172575, 0.00890524516172575, 0.00890524516172575, 0.0021407590567813716, 0.0021705703118525916, 0.0020902513429691336, 0.0020902513429691336, 0.0020902513429691336, 0.002090998618611752, 0.0019594586391098357, 0.0019594586391098357, 0.001990309822359885, 0.0019946439440686374, 0.0020246401572223158, 0.0020608381456314524, 0.0019785053960396704, 0.0019785053960396704, 0.0019785053960396704, 0.0019785053960396704, 0.0019785053960396704, 0.0019785053960396704, 0.001776160341502969, 0.001776160341502969, 0.001776160341502969, 0.001776160341502969, 0.001776160341502969, 0.001776160341502969, 0.001421353520542885, 0.001421353520542885, 0.0013951011778690118, 0.0014176521186692445, 0.0014176521186692445, 9.456833602725637E-4, 0.0010301158966476705, 0.0010108921543805537, 0.0010108921543805537, 0.0010108921543805537, 0.0010017618034419496, 0.0010017618034419496, 0.0010017618034419496, 0.0010017618034419496, 9.99525634579561E-4, 8.916311498665698E-4, 8.916311498665698E-4, 8.916311498665698E-4, 9.07263047575144E-4, 0.001549172316767348, 0.0014853402477050387, 0.0015096494514857317, 0.0014998542961316898, 0.0010054528333731639, 0.0010054528333731639, 0.0010054528333731639, 0.0010054528333731639, 0.0010376271646987227, 0.0010544104678601673, 0.0010544104678601673, 0.001017828480180172, 8.92338653497905E-4, 8.926174492038386E-4, 8.926174492038386E-4, 8.926174492038386E-4, 0.001025977778625945, 0.0010999438077636911, 0.0010999438077636911, 0.0010999438077636911, 6.474295691301905E-4, 6.696753162146459E-4, 6.696753162146459E-4, 6.696753162146459E-4, 3.6466083271107977E-4, 3.710027743665628E-4, 3.7732491741607703E-4, 3.7732491741607703E-4, 2.3400909189198797E-4, 2.2953120686849618E-4, 2.2953120686849618E-4, 2.2953120686849618E-4, 2.505330458646093E-4, 2.505330458646093E-4, 2.598191247543422E-4, 2.598191247543422E-4, 2.677705095303098E-4, 2.677705095303098E-4, 2.6740379303789245E-4, 2.6740379303789245E-4, 2.317701766461022E-4, 2.317701766461022E-4
Occupy-Asia-South-America, 0.08333333333333333, 0.08333333333333333, 0.08333333333333333, 0.08333333333333333, 0.08333333333333333, 0.0827702708145055, 0.0827702708145055, 0.0827702708145055, 0.0827702708145055, 0.0827702708145055, 0.0827702708145055, 0.0827702708145055, 0.08220350698432313, 0.08220350698432313, 0.08220350698432313, 0.08220350698432313, 0.08220350698432313, 0.08163312201511416, 0.08163312201511416, 0.08163312201511416, 0.08163312201511416, 0.08163312201511416, 0.08163312201511416, 0.08105919859403225, 0.08105919859403225, 0.08105919859403225, 0.08105919859403225, 0.08105919859403225, 0.08105919859403225, 0.08048182189019053, 0.08048182189019053, 0.08048182189019053, 0.08048182189019053, 0.08048182189019053, 0.08048182189019053, 0.07990107951832676, 0.07990107951832676, 0.07990107951832676, 0.07990107951832676, 0.07990107951832676, 0.07990107951832676, 0.07931706149900246, 0.07931706149900246, 0.07931706149900246, 0.07931706149900246, 0.07931706149900246, 0.07931706149900246, 0.07878755008618629, 0.07878755008618629, 0.07878755008618629, 0.07878755008618629, 0.07878755008618629, 0.07878755008618629, 0.07825447082925797, 0.07825447082925797, 0.07825447082925797, 0.07825447082925797, 0.07825447082925797, 0.07825447082925797, 0.07771789742089198, 0.07771789742089198, 0.07771789742089198, 0.07771789742089198, 0.07771789742089198, 0.07771789742089198, 0.07717790595816651, 0.07717790595816651, 0.07717790595816651, 0.07717790595816651, 0.07717790595816651, 0.07717790595816651, 0.0766102254361441, 0.0766102254361441, 0.0766102254361441, 0.0766102254361441, 0.0766102254361441, 0.0766102254361441, 0.07766667842444183, 0.07766667842444183, 0.07766667842444183, 0.07661022543614411, 0.07661022543614411, 0.07661022543614411, 0.14733864233181287, 0.14733864233181287, 0.14835699905626634, 0.15072148158661727, 0.15022755455454617, 0.15022755455454617, 0.1851482769924108, 0.1851482769924108, 0.1851482769924108, 0.18059980553882776, 0.18001164346957388, 0.18001164346957388, 0.18268466598242009, 0.18268466598242009, 0.18268466598242009, 0.18268466598242009, 0.18306297046698858, 0.18148144141499672, 0.16482901095820396, 0.16482901095820396, 0.16533114834668325, 0.16533114834668325, 0.16533114834668325, 0.16533114834668325, 0.06061763146197625, 0.06146176554030785, 0.06162792080388637, 0.06162792080388637, 0.06162792080388637, 0.06162529316942089, 0.047423767516155485, 0.047423767516155485, 0.04815117466295199, 0.047290909554335014, 0.04800208821228116, 0.04788309928047565, 0.047363150664897234, 0.047363150664897234, 0.047363150664897234, 0.047363150664897234, 0.047363150664897234, 0.047363150664897234, 0.04251924206424237, 0.04251924206424237, 0.04251924206424237, 0.04251924206424237, 0.04251924206424237, 0.04251924206424237, 0.045960341383368096, 0.045960341383368096, 0.04603209677379836, 0.04677617692061763, 0.04677617692061763, 0.034726263107912055, 0.035602184424002974, 0.03565080150619875, 0.03565080150619875, 0.03565080150619875, 0.03262479271591664, 0.03262479271591664, 0.03262479271591664, 0.03262479271591664, 0.033216291675789184, 0.02680442028941426, 0.02680442028941426, 0.02680442028941426, 0.02727434998642457, 0.04301513814590297, 0.041242743145594944, 0.041917725358694, 0.04336291781744015, 0.049271497236050794, 0.049271497236050794, 0.049271497236050794, 0.049271497236050794, 0.05349061157148657, 0.054355805911840985, 0.054355805911840985, 0.05461160102641119, 0.05952872691508171, 0.05954732563136343, 0.05954732563136343, 0.05954732563136343, 0.06328024691198295, 0.06257560341391517, 0.06257560341391517, 0.06257560341391517, 0.0463373448858687, 0.04792950085780105, 0.04792950085780105, 0.04792950085780105, 0.048217748205869396, 0.048055964110779364, 0.04887487086965576, 0.04887487086965576, 0.036824328235115396, 0.03685681118628432, 0.03685681118628432, 0.03685681118628432, 0.020755694062555403, 0.020755694062555403, 0.021525009790190824, 0.021525009790190824, 0.01820632637960075, 0.01820632637960075, 0.01855244095590532, 0.01855244095590532, 0.015410177491700802, 0.015410177491700802
Occupy-Europe-South-America-Asia, 0.08333333333333333, 0.08333333333333333, 0.08333333333333333, 0.08333333333333333, 0.08333333333333333, 0.08166666825612386, 0.0827702708145055, 0.0827702708145055, 0.0827702708145055, 0.0827702708145055, 0.0827702708145055, 0.0827702708145055, 0.08220350698432313, 0.08220350698432313, 0.08220350698432313, 0.08220350698432313, 0.08220350698432313, 0.08163312201511416, 0.08163312201511416, 0.08163312201511416, 0.08163312201511416, 0.08163312201511416, 0.08163312201511416, 0.08105919859403225, 0.08105919859403225, 0.08105919859403225, 0.08105919859403225, 0.08105919859403225, 0.08105919859403225, 0.08048182189019053, 0.08048182189019053, 0.08048182189019053, 0.08048182189019053, 0.08048182189019053, 0.08048182189019053, 0.07990107951832676, 0.07990107951832676, 0.07990107951832676, 0.07990107951832676, 0.07990107951832676, 0.07990107951832676, 0.07931706149900246, 0.07931706149900246, 0.07931706149900246, 0.07931706149900246, 0.07931706149900246, 0.07931706149900246, 0.07878755008618629, 0.07878755008618629, 0.07878755008618629, 0.07878755008618629, 0.07878755008618629, 0.07878755008618629, 0.07825447082925797, 0.07825447082925797, 0.07825447082925797, 0.07825447082925797, 0.07825447082925797, 0.07825447082925797, 0.07771789742089198, 0.07771789742089198, 0.07771789742089198, 0.07771789742089198, 0.07771789742089198, 0.07771789742089198, 0.07717790595816651, 0.07717790595816651, 0.07717790595816651, 0.07717790595816651, 0.07717790595816651, 0.07717790595816651, 0.0766102254361441, 0.0766102254361441, 0.0766102254361441, 0.0766102254361441, 0.0766102254361441, 0.0766102254361441, 0.07766667842444183, 0.07766667842444183, 0.07766667842444183, 0.07661022543614411, 0.07661022543614411, 0.07661022543614411, 0.11383263046644647, 0.11383263046644647, 0.11461940454596235, 0.11644618441757035, 0.11606458043080009, 0.11606458043080009, 0.13827591024818928, 0.13827591024818928, 0.13827591024818928, 0.13487893545210256, 0.1344396732195792, 0.1344396732195792, 0.13643599004780904, 0.13643599004780904, 0.13643599004780904, 0.13643599004780904, 0.13671852250128053, 0.13553737529969412, 0.12310069472852106, 0.12310069472852106, 0.12347571039482653, 0.12347571039482653, 0.12347571039482653, 0.12347571039482653, 0.034281895408334, 0.034759289781654684, 0.03485325777793174, 0.03485325777793174, 0.03485325777793174, 0.03485177173686177, 0.025028642233200196, 0.025028642233200196, 0.025412542842295428, 0.024958524345727342, 0.025333860113547938, 0.025271061825688237, 0.0245015695139639, 0.0245015695139639, 0.0245015695139639, 0.0245015695139639, 0.0245015695139639, 0.0245015695139639, 0.02107926332790987, 0.02107926332790987, 0.02107926332790987, 0.02107926332790987, 0.02107926332790987, 0.02107926332790987, 0.017570638549652396, 0.017570638549652396, 0.017598070635474448, 0.01788253247623146, 0.01788253247623146, 0.012962034151105466, 0.013023203883105225, 0.013040987909110395, 0.013040987909110395, 0.013040987909110395, 0.01267467893818993, 0.01267467893818993, 0.01267467893818993, 0.01267467893818993, 0.012646386062293714, 0.010395394764154428, 0.010395394764154428, 0.010395394764154428, 0.01057764473110301, 0.01251459173700309, 0.011998940717812469, 0.012195316393697123, 0.01211618874022075, 0.0115564747988287, 0.0115564747988287, 0.0115564747988287, 0.0115564747988287, 0.011802548416501555, 0.01199345104019037, 0.01199345104019037, 0.012049891490873658, 0.012657210483102942, 0.012661165008571446, 0.012661165008571446, 0.012661165008571446, 0.013454872060849846, 0.013305048244134992, 0.013305048244134992, 0.013305048244134992, 0.008867919222296381, 0.009172621845702382, 0.009172621845702382, 0.009172621845702382, 0.008553382170737905, 0.008524683169935465, 0.008669949648182523, 0.008669949648182523, 0.006004601045126953, 0.006009897738152618, 0.006009897738152618, 0.006009897738152618, 0.005042718369036807, 0.005042718369036807, 0.00522962816543503, 0.00522962816543503, 0.0051936851762716535, 0.0051936851762716535, 0.005186572331717176, 0.005186572331717176, 0.004214457744269217, 0.004214457744269217
Occupy-North-America-Africa, 0.08333333333333333, 0.08333333333333333, 0.08333333333333333, 0.08333333333333333, 0.08333333333333333, 0.08445945837098895, 0.08445945837098895, 0.08445945837098895, 0.08445945837098895, 0.08445945837098895, 0.08445945837098895, 0.08445945837098895, 0.08559298603135368, 0.08559298603135368, 0.08559298603135368, 0.08559298603135368, 0.08559298603135368, 0.08673375596977172, 0.08673375596977172, 0.08673375596977172, 0.08673375596977172, 0.08673375596977172, 0.08673375596977172, 0.08788160281193548, 0.08788160281193548, 0.08788160281193548, 0.08788160281193548, 0.08788160281193548, 0.08788160281193548, 0.089036356219619, 0.089036356219619, 0.089036356219619, 0.089036356219619, 0.089036356219619, 0.089036356219619, 0.09019784096334642, 0.09019784096334642, 0.09019784096334642, 0.09019784096334642, 0.09019784096334642, 0.09019784096334642, 0.09136587700199511, 0.09136587700199511, 0.09136587700199511, 0.09136587700199511, 0.09136587700199511, 0.09136587700199511, 0.09260808912418357, 0.09260808912418357, 0.09260808912418357, 0.09260808912418357, 0.09260808912418357, 0.09260808912418357, 0.09385867126276617, 0.09385867126276617, 0.09385867126276617, 0.09385867126276617, 0.09385867126276617, 0.09385867126276617, 0.09511745053774213, 0.09511745053774213, 0.09511745053774213, 0.09511745053774213, 0.09511745053774213, 0.09511745053774213, 0.09638424842847756, 0.09638424842847756, 0.09638424842847756, 0.09638424842847756, 0.09638424842847756, 0.09638424842847756, 0.0976278512059562, 0.0976278512059562, 0.0976278512059562, 0.0976278512059562, 0.0976278512059562, 0.0976278512059562, 0.09699465585311043, 0.09699465585311043, 0.09699465585311043, 0.0976278512059562, 0.0976278512059562, 0.0976278512059562, 0.03792112630255776, 0.03792112630255776, 0.038183224780987415, 0.03652512605629259, 0.0371483973704634, 0.0371483973704634, 0.03215536538629523, 0.03215536538629523, 0.03215536538629523, 0.032658699305304115, 0.03321667204144881, 0.03321667204144881, 0.0199883261609636, 0.0199883261609636, 0.0199883261609636, 0.0199883261609636, 0.019636978901274155, 0.021105811339701203, 0.02036533919567146, 0.02036533919567146, 0.020018833228538216, 0.020018833228538216, 0.020018833228538216, 0.020018833228538216, 0.027959637033133602, 0.027782011189884548, 0.02675397607851527, 0.02675397607851527, 0.02675397607851527, 0.026763540763037018, 0.0338070996263654, 0.0338070996263654, 0.03433938390372044, 0.03441416174361766, 0.0342330617443907, 0.03484510530571804, 0.03588789163272657, 0.03588789163272657, 0.03588789163272657, 0.03588789163272657, 0.03588789163272657, 0.03588789163272657, 0.03929534087100661, 0.03929534087100661, 0.03929534087100661, 0.03929534087100661, 0.03929534087100661, 0.03929534087100661, 0.04424543054498537, 0.04424543054498537, 0.043428219212525064, 0.04323030694817845, 0.04323030694817845, 0.04150459062843377, 0.045210205007605184, 0.04436650447668622, 0.04436650447668622, 0.04436650447668622, 0.042274794747630906, 0.042274794747630906, 0.042274794747630906, 0.042274794747630906, 0.043041251636408304, 0.04502886853367555, 0.04502886853367555, 0.04502886853367555, 0.044901940348348615, 0.05889055476508113, 0.05999203784036255, 0.05975439630306372, 0.061814541556060025, 0.05445069633133437, 0.05445069633133437, 0.05445069633133437, 0.05445069633133437, 0.057864197712225535, 0.05762413192752434, 0.05762413192752434, 0.055624905489151506, 0.04876681506922587, 0.04876253862981578, 0.04876253862981578, 0.04876253862981578, 0.051819379826599885, 0.05555520514173239, 0.05555520514173239, 0.05555520514173239, 0.05760952828826509, 0.057229275570709025, 0.057229275570709025, 0.057229275570709025, 0.03572418128819065, 0.03634547278181017, 0.03622552890621719, 0.03622552890621719, 0.03674225748944072, 0.03603917538604455, 0.03603917538604455, 0.03603917538604455, 0.029041874557340475, 0.029041874557340475, 0.02892563558796573, 0.02892563558796573, 0.024465938338011313, 0.024465938338011313, 0.024931052370639143, 0.024931052370639143, 0.025781007386435996, 0.025781007386435996
