s0914007
LOSER
Conquer the continents of ASIA and AFRICA., Turn 1, Turn 2, Turn 3, Turn 4, Turn 5, Turn 6, Turn 7, Turn 8, Turn 9, Turn 10, Turn 11, Turn 12, Turn 13, Turn 14, Turn 15, Turn 16, Turn 17, Turn 18, Turn 19, Turn 20, Turn 21, Turn 22, Turn 23, Turn 24, Turn 25, Turn 26, Turn 27, Turn 28, Turn 29, Turn 30, Turn 31, Turn 32, Turn 33, Turn 34, Turn 35, Turn 36, Turn 37, Turn 38, Turn 39, Turn 40, Turn 41, Turn 42, Turn 43, Turn 44, Turn 45, Turn 46, Turn 47, Turn 48, Turn 49, Turn 50, Turn 51, Turn 52, Turn 53, Turn 54, Turn 55, Turn 56, Turn 57, Turn 58, Turn 59, Turn 60, Turn 61, Turn 62, Turn 63, Turn 64, Turn 65, Turn 66, Turn 67, Turn 68, Turn 69, Turn 70, Turn 71, Turn 72, Turn 73, Turn 74, Turn 75, Turn 76, Turn 77, Turn 78, Turn 79, Turn 80, Turn 81, Turn 82, Turn 83, Turn 84, Turn 85, Turn 86, Turn 87, Turn 88, Turn 89, Turn 90, Turn 91, Turn 92, Turn 93, Turn 94, Turn 95, Turn 96, Turn 97, Turn 98, Turn 99, Turn 100, Turn 101, Turn 102, Turn 103, Turn 104, Turn 105, Turn 106, Turn 107, Turn 108, Turn 109, Turn 110, Turn 111, Turn 112, Turn 113, Turn 114, Turn 115, Turn 116, Turn 117, Turn 118, Turn 119, Turn 120, Turn 121, Turn 122, Turn 123, Turn 124, Turn 125, Turn 126, Turn 127, Turn 128, Turn 129, Turn 130, Turn 131, Turn 132, Turn 133, Turn 134, Turn 135, Turn 136, Turn 137, Turn 138, Turn 139, Turn 140, Turn 141, Turn 142, Turn 143, Turn 144, Turn 145, Turn 146, Turn 147, Turn 148, Turn 149
Occupy-Europe-Australia-Asia, 0.08333333333333333, 0.08333333333333333, 0.08333333333333333, 0.08333333333333333, 0.08333333333333333, 0.08445945837098895, 0.08445945837098895, 0.08445945837098895, 0.08445945837098895, 0.08445945837098895, 0.08445945837098895, 0.08559298603135368, 0.08559298603135368, 0.08559298603135368, 0.08559298603135368, 0.08559298603135368, 0.08559298603135368, 0.08673375596977172, 0.08673375596977172, 0.08673375596977172, 0.08673375596977172, 0.08673375596977172, 0.08673375596977172, 0.08788160281193548, 0.08788160281193548, 0.08788160281193548, 0.08788160281193548, 0.08788160281193548, 0.08788160281193548, 0.089036356219619, 0.089036356219619, 0.089036356219619, 0.089036356219619, 0.089036356219619, 0.089036356219619, 0.09019784096334643, 0.09019784096334643, 0.09019784096334643, 0.09019784096334643, 0.09019784096334643, 0.09019784096334643, 0.09136587700199512, 0.09136587700199512, 0.09136587700199512, 0.09136587700199512, 0.09136587700199512, 0.09136587700199512, 0.0925402795693139, 0.0925402795693139, 0.0925402795693139, 0.0925402795693139, 0.0925402795693139, 0.0925402795693139, 0.09372085926732486, 0.09372085926732486, 0.09372085926732486, 0.09372085926732486, 0.09372085926732486, 0.09372085926732486, 0.09490742216655661, 0.09490742216655661, 0.09490742216655661, 0.09490742216655661, 0.09490742216655661, 0.09490742216655661, 0.09609976991304531, 0.09609976991304531, 0.09609976991304531, 0.09609976991304531, 0.09609976991304531, 0.09609976991304531, 0.09729769984201868, 0.09729769984201868, 0.09729769984201868, 0.09729769984201868, 0.09729769984201868, 0.09729769984201868, 0.0985010050981653, 0.0985010050981653, 0.0985010050981653, 0.0985010050981653, 0.0991015559703434, 0.09840353951493401, 0.1587059660566848, 0.1587059660566848, 0.1587059660566848, 0.16024656413736132, 0.16024656413736132, 0.1591572245777754, 0.13336571296172642, 0.1320770728969905, 0.1320770728969905, 0.1320770728969905, 0.1320770728969905, 0.13103776295415176, 0.13839718948789417, 0.1371737349465603, 0.1371737349465603, 0.1359474103987707, 0.1359474103987707, 0.1359474103987707, 0.1691130162267082, 0.1691130162267082, 0.17020073644433537, 0.16926270265704724, 0.16926270265704724, 0.16926270265704724, 0.17418999911203964, 0.1733548944275556, 0.16904768563071396, 0.16904768563071396, 0.16904768563071396, 0.15777839502030658, 0.15777839502030658, 0.15591685049380732, 0.15591685049380732, 0.15591685049380732, 0.16144184793792055, 0.16144184793792055, 0.15979576618790492, 0.15979576618790492, 0.15979576618790492, 0.1661760373570778, 0.1661760373570778, 0.16534498642007384, 0.16413493379597743, 0.16413493379597743, 0.16413493379597743, 0.16413493379597743, 0.16413493379597743, 0.16413493379597743, 0.16413493379597743, 0.16413493379597743, 0.16413493379597743, 0.16413493379597743, 0.16413493379597743, 0.16413493379597743, 0.16413493379597743, 0.16413493379597743, 0.16413493379597743, 0.16413493379597743, 0.16413493379597743, 0.16413493379597743, 0.16413493379597743, 0.16413493379597743, 0.16413493379597743, 0.16413493379597743, 0.16413493379597743, 0.16413493379597743
Occupy-Europe-South-America-North-America, 0.08333333333333333, 0.08333333333333333, 0.08333333333333333, 0.08333333333333333, 0.08333333333333333, 0.0827702708145055, 0.0827702708145055, 0.0827702708145055, 0.0827702708145055, 0.0827702708145055, 0.0827702708145055, 0.08220350698432313, 0.08220350698432313, 0.08220350698432313, 0.08220350698432313, 0.08220350698432313, 0.08220350698432313, 0.08163312201511416, 0.08163312201511416, 0.08163312201511416, 0.08163312201511416, 0.08163312201511416, 0.08163312201511416, 0.08105919859403225, 0.08105919859403225, 0.08105919859403225, 0.08105919859403225, 0.08105919859403225, 0.08105919859403225, 0.08048182189019053, 0.08048182189019053, 0.08048182189019053, 0.08048182189019053, 0.08048182189019053, 0.08048182189019053, 0.07990107951832677, 0.07990107951832677, 0.07990107951832677, 0.07990107951832677, 0.07990107951832677, 0.07990107951832677, 0.07931706149900247, 0.07931706149900247, 0.07931706149900247, 0.07931706149900247, 0.07931706149900247, 0.07931706149900247, 0.07872986021534302, 0.07872986021534302, 0.07872986021534302, 0.07872986021534302, 0.07872986021534302, 0.07872986021534302, 0.07813957036633759, 0.07813957036633759, 0.07813957036633759, 0.07813957036633759, 0.07813957036633759, 0.07813957036633759, 0.07754628891672169, 0.07754628891672169, 0.07754628891672169, 0.07754628891672169, 0.07754628891672169, 0.07754628891672169, 0.07695011504347735, 0.07695011504347735, 0.07695011504347735, 0.07695011504347735, 0.07695011504347735, 0.07695011504347735, 0.07635115007899068, 0.07635115007899068, 0.07635115007899068, 0.07635115007899068, 0.07635115007899068, 0.07635115007899068, 0.07574949745091737, 0.07574949745091737, 0.07574949745091737, 0.07574949745091737, 0.07468710939529259, 0.07416105477531794, 0.05672310735208825, 0.05672310735208825, 0.05672310735208825, 0.05612825903060147, 0.05612825903060147, 0.055746704934250865, 0.05136498400257205, 0.051906807365446464, 0.051906807365446464, 0.051906807365446464, 0.051906807365446464, 0.05149835448401414, 0.04725418736420586, 0.04779229739934777, 0.04779229739934777, 0.048331669744794255, 0.048331669744794255, 0.048331669744794255, 0.03375006528351842, 0.03375006528351842, 0.03396714276917988, 0.03446932419066936, 0.03446932419066936, 0.03446932419066936, 0.02894366608184502, 0.029392758469741972, 0.031709036560002526, 0.031709036560002526, 0.031709036560002526, 0.03798051370912727, 0.03798051370912727, 0.03907996677224655, 0.03907996677224655, 0.03907996677224655, 0.03196214667556075, 0.03196214667556075, 0.03164891607841817, 0.03164891607841817, 0.03164891607841817, 0.030640385369181698, 0.030640385369181698, 0.031109338127730632, 0.031511906607293305, 0.031511906607293305, 0.031511906607293305, 0.031511906607293305, 0.031511906607293305, 0.031511906607293305, 0.031511906607293305, 0.031511906607293305, 0.031511906607293305, 0.031511906607293305, 0.031511906607293305, 0.031511906607293305, 0.031511906607293305, 0.031511906607293305, 0.031511906607293305, 0.031511906607293305, 0.031511906607293305, 0.031511906607293305, 0.031511906607293305, 0.031511906607293305, 0.031511906607293305, 0.031511906607293305, 0.031511906607293305, 0.031511906607293305
Occupy-Asia-Africa, 0.08333333333333333, 0.08333333333333333, 0.08333333333333333, 0.08333333333333333, 0.08333333333333333, 0.08445945837098895, 0.08445945837098895, 0.08445945837098895, 0.08445945837098895, 0.08445945837098895, 0.08445945837098895, 0.08559298603135368, 0.08559298603135368, 0.08559298603135368, 0.08559298603135368, 0.08559298603135368, 0.08559298603135368, 0.08673375596977172, 0.08673375596977172, 0.08673375596977172, 0.08673375596977172, 0.08673375596977172, 0.08673375596977172, 0.08788160281193548, 0.08788160281193548, 0.08788160281193548, 0.08788160281193548, 0.08788160281193548, 0.08788160281193548, 0.089036356219619, 0.089036356219619, 0.089036356219619, 0.089036356219619, 0.089036356219619, 0.089036356219619, 0.09019784096334643, 0.09019784096334643, 0.09019784096334643, 0.09019784096334643, 0.09019784096334643, 0.09019784096334643, 0.09136587700199512, 0.09136587700199512, 0.09136587700199512, 0.09136587700199512, 0.09136587700199512, 0.09136587700199512, 0.0925402795693139, 0.0925402795693139, 0.0925402795693139, 0.0925402795693139, 0.0925402795693139, 0.0925402795693139, 0.09372085926732486, 0.09372085926732486, 0.09372085926732486, 0.09372085926732486, 0.09372085926732486, 0.09372085926732486, 0.09490742216655661, 0.09490742216655661, 0.09490742216655661, 0.09490742216655661, 0.09490742216655661, 0.09490742216655661, 0.09609976991304531, 0.09609976991304531, 0.09609976991304531, 0.09609976991304531, 0.09609976991304531, 0.09609976991304531, 0.09729769984201868, 0.09729769984201868, 0.09729769984201868, 0.09729769984201868, 0.09729769984201868, 0.09729769984201868, 0.0985010050981653, 0.0985010050981653, 0.0985010050981653, 0.0985010050981653, 0.0991015559703434, 0.10041177306095045, 0.1239429881910048, 0.1239429881910048, 0.1239429881910048, 0.12514613344423475, 0.12514613344423475, 0.12683204138871101, 0.1607103626662334, 0.1591575061819781, 0.1591575061819781, 0.1591575061819781, 0.1591575061819781, 0.16112765119182615, 0.17698942508871804, 0.17542480866338372, 0.17542480866338372, 0.17385652192657505, 0.17385652192657505, 0.17385652192657505, 0.20759594867829204, 0.20759594867829204, 0.20475256800134015, 0.2036241073916407, 0.2036241073916407, 0.2036241073916407, 0.21761135621221614, 0.21656808011200296, 0.21118718825513455, 0.21118718825513455, 0.21118718825513455, 0.2069641766625666, 0.2069641766625666, 0.20452231489690448, 0.20452231489690448, 0.20452231489690448, 0.2214442498848475, 0.2214442498848475, 0.22365956295598208, 0.22365956295598208, 0.22365956295598208, 0.22089614737244076, 0.22089614737244076, 0.21979143965901773, 0.21818292878686082, 0.21818292878686082, 0.21818292878686082, 0.21818292878686082, 0.21818292878686082, 0.21818292878686082, 0.21818292878686082, 0.21818292878686082, 0.21818292878686082, 0.21818292878686082, 0.21818292878686082, 0.21818292878686082, 0.21818292878686082, 0.21818292878686082, 0.21818292878686082, 0.21818292878686082, 0.21818292878686082, 0.21818292878686082, 0.21818292878686082, 0.21818292878686082, 0.21818292878686082, 0.21818292878686082, 0.21818292878686082, 0.21818292878686082
Occupy-Europe-South-America-Africa, 0.08333333333333333, 0.08333333333333333, 0.08333333333333333, 0.08333333333333333, 0.08333333333333333, 0.0827702708145055, 0.0827702708145055, 0.0827702708145055, 0.0827702708145055, 0.0827702708145055, 0.0827702708145055, 0.08220350698432313, 0.08220350698432313, 0.08220350698432313, 0.08220350698432313, 0.08220350698432313, 0.08220350698432313, 0.08163312201511416, 0.08163312201511416, 0.08163312201511416, 0.08163312201511416, 0.08163312201511416, 0.08163312201511416, 0.08105919859403225, 0.08105919859403225, 0.08105919859403225, 0.08105919859403225, 0.08105919859403225, 0.08105919859403225, 0.08048182189019053, 0.08048182189019053, 0.08048182189019053, 0.08048182189019053, 0.08048182189019053, 0.08048182189019053, 0.07990107951832677, 0.07990107951832677, 0.07990107951832677, 0.07990107951832677, 0.07990107951832677, 0.07990107951832677, 0.07931706149900247, 0.07931706149900247, 0.07931706149900247, 0.07931706149900247, 0.07931706149900247, 0.07931706149900247, 0.07872986021534302, 0.07872986021534302, 0.07872986021534302, 0.07872986021534302, 0.07872986021534302, 0.07872986021534302, 0.07813957036633759, 0.07813957036633759, 0.07813957036633759, 0.07813957036633759, 0.07813957036633759, 0.07813957036633759, 0.07754628891672169, 0.07754628891672169, 0.07754628891672169, 0.07754628891672169, 0.07754628891672169, 0.07754628891672169, 0.07695011504347735, 0.07695011504347735, 0.07695011504347735, 0.07695011504347735, 0.07695011504347735, 0.07695011504347735, 0.07635115007899068, 0.07635115007899068, 0.07635115007899068, 0.07635115007899068, 0.07635115007899068, 0.07635115007899068, 0.07574949745091737, 0.07574949745091737, 0.07574949745091737, 0.07574949745091737, 0.07621133463436403, 0.07567454421626589, 0.06040602965576655, 0.06040602965576655, 0.06040602965576655, 0.059772558976429906, 0.059772558976429906, 0.05936623130618485, 0.06924614774296883, 0.06997659050207326, 0.06997659050207326, 0.06997659050207326, 0.06997659050207326, 0.06942594711878537, 0.06229587208630532, 0.0630052702536929, 0.0630052702536929, 0.06371633254283676, 0.06371633254283676, 0.06371633254283676, 0.03534832713640086, 0.03534832713640086, 0.03486417149183203, 0.03537961488128036, 0.03537961488128036, 0.03537961488128036, 0.02970803122114151, 0.030168983563636512, 0.03254643159070138, 0.03254643159070138, 0.03254643159070138, 0.032646935380536875, 0.032646935380536875, 0.033591992979822655, 0.033591992979822655, 0.033591992979822655, 0.02929887860809594, 0.02929887860809594, 0.029011748167979436, 0.029011748167979436, 0.029011748167979436, 0.029218422508025803, 0.029218422508025803, 0.02966561204792528, 0.030662752544865716, 0.030662752544865716, 0.030662752544865716, 0.030662752544865716, 0.030662752544865716, 0.030662752544865716, 0.030662752544865716, 0.030662752544865716, 0.030662752544865716, 0.030662752544865716, 0.030662752544865716, 0.030662752544865716, 0.030662752544865716, 0.030662752544865716, 0.030662752544865716, 0.030662752544865716, 0.030662752544865716, 0.030662752544865716, 0.030662752544865716, 0.030662752544865716, 0.030662752544865716, 0.030662752544865716, 0.030662752544865716, 0.030662752544865716
Occupy-Europe-Australia-South-America, 0.08333333333333333, 0.08333333333333333, 0.08333333333333333, 0.08333333333333333, 0.08333333333333333, 0.0827702708145055, 0.0827702708145055, 0.0827702708145055, 0.0827702708145055, 0.0827702708145055, 0.0827702708145055, 0.08220350698432313, 0.08220350698432313, 0.08220350698432313, 0.08220350698432313, 0.08220350698432313, 0.08220350698432313, 0.08163312201511416, 0.08163312201511416, 0.08163312201511416, 0.08163312201511416, 0.08163312201511416, 0.08163312201511416, 0.08105919859403225, 0.08105919859403225, 0.08105919859403225, 0.08105919859403225, 0.08105919859403225, 0.08105919859403225, 0.08048182189019053, 0.08048182189019053, 0.08048182189019053, 0.08048182189019053, 0.08048182189019053, 0.08048182189019053, 0.07990107951832677, 0.07990107951832677, 0.07990107951832677, 0.07990107951832677, 0.07990107951832677, 0.07990107951832677, 0.07931706149900247, 0.07931706149900247, 0.07931706149900247, 0.07931706149900247, 0.07931706149900247, 0.07931706149900247, 0.07872986021534302, 0.07872986021534302, 0.07872986021534302, 0.07872986021534302, 0.07872986021534302, 0.07872986021534302, 0.07813957036633759, 0.07813957036633759, 0.07813957036633759, 0.07813957036633759, 0.07813957036633759, 0.07813957036633759, 0.07754628891672169, 0.07754628891672169, 0.07754628891672169, 0.07754628891672169, 0.07754628891672169, 0.07754628891672169, 0.07695011504347735, 0.07695011504347735, 0.07695011504347735, 0.07695011504347735, 0.07695011504347735, 0.07695011504347735, 0.07635115007899068, 0.07635115007899068, 0.07635115007899068, 0.07635115007899068, 0.07635115007899068, 0.07635115007899068, 0.07574949745091737, 0.07574949745091737, 0.07574949745091737, 0.07574949745091737, 0.07621133463436403, 0.07567454421626589, 0.05788072066132766, 0.05788072066132766, 0.05788072066132766, 0.05727373258999154, 0.05727373258999154, 0.0568843916829257, 0.050245832279337446, 0.05077585027398242, 0.05077585027398242, 0.05077585027398242, 0.05077585027398242, 0.05037629685499501, 0.045261590040572404, 0.04577700924817812, 0.04577700924817812, 0.04629363753744827, 0.04629363753744827, 0.04629363753744827, 0.02916402949914581, 0.02916402949914581, 0.029351610001353688, 0.029785553866860645, 0.029785553866860645, 0.029785553866860645, 0.025554446399918003, 0.025950951366589186, 0.02799599998404803, 0.02799599998404803, 0.02799599998404803, 0.028082451983886782, 0.028082451983886782, 0.028895377740764172, 0.028895377740764172, 0.028895377740764172, 0.025202498859482572, 0.025202498859482572, 0.024955513140801886, 0.024955513140801886, 0.024955513140801886, 0.025133291611062633, 0.025133291611062633, 0.025517958001201362, 0.026375684761772367, 0.026375684761772367, 0.026375684761772367, 0.026375684761772367, 0.026375684761772367, 0.026375684761772367, 0.026375684761772367, 0.026375684761772367, 0.026375684761772367, 0.026375684761772367, 0.026375684761772367, 0.026375684761772367, 0.026375684761772367, 0.026375684761772367, 0.026375684761772367, 0.026375684761772367, 0.026375684761772367, 0.026375684761772367, 0.026375684761772367, 0.026375684761772367, 0.026375684761772367, 0.026375684761772367, 0.026375684761772367, 0.026375684761772367
Occupy-Europe-South-America-Australia, 0.08333333333333333, 0.08333333333333333, 0.08333333333333333, 0.08333333333333333, 0.08333333333333333, 0.0827702708145055, 0.0827702708145055, 0.0827702708145055, 0.0827702708145055, 0.0827702708145055, 0.0827702708145055, 0.08220350698432313, 0.08220350698432313, 0.08220350698432313, 0.08220350698432313, 0.08220350698432313, 0.08220350698432313, 0.08163312201511416, 0.08163312201511416, 0.08163312201511416, 0.08163312201511416, 0.08163312201511416, 0.08163312201511416, 0.08105919859403225, 0.08105919859403225, 0.08105919859403225, 0.08105919859403225, 0.08105919859403225, 0.08105919859403225, 0.08048182189019053, 0.08048182189019053, 0.08048182189019053, 0.08048182189019053, 0.08048182189019053, 0.08048182189019053, 0.07990107951832677, 0.07990107951832677, 0.07990107951832677, 0.07990107951832677, 0.07990107951832677, 0.07990107951832677, 0.07931706149900247, 0.07931706149900247, 0.07931706149900247, 0.07931706149900247, 0.07931706149900247, 0.07931706149900247, 0.07872986021534302, 0.07872986021534302, 0.07872986021534302, 0.07872986021534302, 0.07872986021534302, 0.07872986021534302, 0.07813957036633759, 0.07813957036633759, 0.07813957036633759, 0.07813957036633759, 0.07813957036633759, 0.07813957036633759, 0.07754628891672169, 0.07754628891672169, 0.07754628891672169, 0.07754628891672169, 0.07754628891672169, 0.07754628891672169, 0.07695011504347735, 0.07695011504347735, 0.07695011504347735, 0.07695011504347735, 0.07695011504347735, 0.07695011504347735, 0.07635115007899068, 0.07635115007899068, 0.07635115007899068, 0.07635115007899068, 0.07635115007899068, 0.07635115007899068, 0.07574949745091737, 0.07574949745091737, 0.07574949745091737, 0.07574949745091737, 0.07621133463436403, 0.07567454421626589, 0.05788072066132766, 0.05788072066132766, 0.05788072066132766, 0.05727373258999154, 0.05727373258999154, 0.0568843916829257, 0.050245832279337446, 0.05077585027398242, 0.05077585027398242, 0.05077585027398242, 0.05077585027398242, 0.05037629685499501, 0.045261590040572404, 0.04577700924817812, 0.04577700924817812, 0.04629363753744827, 0.04629363753744827, 0.04629363753744827, 0.02916402949914581, 0.02916402949914581, 0.029351610001353688, 0.029785553866860645, 0.029785553866860645, 0.029785553866860645, 0.025554446399918003, 0.025950951366589186, 0.02799599998404803, 0.02799599998404803, 0.02799599998404803, 0.028082451983886782, 0.028082451983886782, 0.028895377740764172, 0.028895377740764172, 0.028895377740764172, 0.025202498859482572, 0.025202498859482572, 0.024955513140801886, 0.024955513140801886, 0.024955513140801886, 0.025133291611062633, 0.025133291611062633, 0.025517958001201362, 0.026375684761772367, 0.026375684761772367, 0.026375684761772367, 0.026375684761772367, 0.026375684761772367, 0.026375684761772367, 0.026375684761772367, 0.026375684761772367, 0.026375684761772367, 0.026375684761772367, 0.026375684761772367, 0.026375684761772367, 0.026375684761772367, 0.026375684761772367, 0.026375684761772367, 0.026375684761772367, 0.026375684761772367, 0.026375684761772367, 0.026375684761772367, 0.026375684761772367, 0.026375684761772367, 0.026375684761772367, 0.026375684761772367, 0.026375684761772367
Occupy-Europe-Australia-Africa, 0.08333333333333333, 0.08333333333333333, 0.08333333333333333, 0.08333333333333333, 0.08333333333333333, 0.0827702708145055, 0.0827702708145055, 0.0827702708145055, 0.0827702708145055, 0.0827702708145055, 0.0827702708145055, 0.08220350698432313, 0.08220350698432313, 0.08220350698432313, 0.08220350698432313, 0.08220350698432313, 0.08220350698432313, 0.08163312201511416, 0.08163312201511416, 0.08163312201511416, 0.08163312201511416, 0.08163312201511416, 0.08163312201511416, 0.08105919859403225, 0.08105919859403225, 0.08105919859403225, 0.08105919859403225, 0.08105919859403225, 0.08105919859403225, 0.08048182189019053, 0.08048182189019053, 0.08048182189019053, 0.08048182189019053, 0.08048182189019053, 0.08048182189019053, 0.07990107951832677, 0.07990107951832677, 0.07990107951832677, 0.07990107951832677, 0.07990107951832677, 0.07990107951832677, 0.07931706149900247, 0.07931706149900247, 0.07931706149900247, 0.07931706149900247, 0.07931706149900247, 0.07931706149900247, 0.07872986021534302, 0.07872986021534302, 0.07872986021534302, 0.07872986021534302, 0.07872986021534302, 0.07872986021534302, 0.07813957036633759, 0.07813957036633759, 0.07813957036633759, 0.07813957036633759, 0.07813957036633759, 0.07813957036633759, 0.07754628891672169, 0.07754628891672169, 0.07754628891672169, 0.07754628891672169, 0.07754628891672169, 0.07754628891672169, 0.07695011504347735, 0.07695011504347735, 0.07695011504347735, 0.07695011504347735, 0.07695011504347735, 0.07695011504347735, 0.07635115007899068, 0.07635115007899068, 0.07635115007899068, 0.07635115007899068, 0.07635115007899068, 0.07635115007899068, 0.07574949745091737, 0.07574949745091737, 0.07574949745091737, 0.07574949745091737, 0.07621133463436403, 0.07567454421626589, 0.06823348789943647, 0.06823348789943647, 0.06823348789943647, 0.06889584724929348, 0.06889584724929348, 0.06842750040951032, 0.07680087587094098, 0.07761100965457089, 0.07761100965457089, 0.07761100965457089, 0.07761100965457089, 0.07700029128961547, 0.06759032068278387, 0.06836000971706013, 0.06836000971706013, 0.06913150430472854, 0.06913150430472854, 0.06913150430472854, 0.03368093180459535, 0.03368093180459535, 0.033219613983680986, 0.033710743693501424, 0.033710743693501424, 0.033710743693501424, 0.028306690999746597, 0.028745900028022082, 0.031011202840218882, 0.031011202840218882, 0.031011202840218882, 0.03110696582437626, 0.03110696582437626, 0.03200744466260056, 0.03200744466260056, 0.03200744466260056, 0.02791683828608114, 0.02791683828608114, 0.02764325190856263, 0.02764325190856263, 0.02764325190856263, 0.027840177333802712, 0.027840177333802712, 0.028266272756620397, 0.02921637772049764, 0.02921637772049764, 0.02921637772049764, 0.02921637772049764, 0.02921637772049764, 0.02921637772049764, 0.02921637772049764, 0.02921637772049764, 0.02921637772049764, 0.02921637772049764, 0.02921637772049764, 0.02921637772049764, 0.02921637772049764, 0.02921637772049764, 0.02921637772049764, 0.02921637772049764, 0.02921637772049764, 0.02921637772049764, 0.02921637772049764, 0.02921637772049764, 0.02921637772049764, 0.02921637772049764, 0.02921637772049764, 0.02921637772049764
Occupy-Europe-Australia-North-America, 0.08333333333333333, 0.08333333333333333, 0.08333333333333333, 0.08333333333333333, 0.08333333333333333, 0.0827702708145055, 0.0827702708145055, 0.0827702708145055, 0.0827702708145055, 0.0827702708145055, 0.0827702708145055, 0.08220350698432313, 0.08220350698432313, 0.08220350698432313, 0.08220350698432313, 0.08220350698432313, 0.08220350698432313, 0.08163312201511416, 0.08163312201511416, 0.08163312201511416, 0.08163312201511416, 0.08163312201511416, 0.08163312201511416, 0.08105919859403225, 0.08105919859403225, 0.08105919859403225, 0.08105919859403225, 0.08105919859403225, 0.08105919859403225, 0.08048182189019053, 0.08048182189019053, 0.08048182189019053, 0.08048182189019053, 0.08048182189019053, 0.08048182189019053, 0.07990107951832677, 0.07990107951832677, 0.07990107951832677, 0.07990107951832677, 0.07990107951832677, 0.07990107951832677, 0.07931706149900247, 0.07931706149900247, 0.07931706149900247, 0.07931706149900247, 0.07931706149900247, 0.07931706149900247, 0.07872986021534302, 0.07872986021534302, 0.07872986021534302, 0.07872986021534302, 0.07872986021534302, 0.07872986021534302, 0.07813957036633759, 0.07813957036633759, 0.07813957036633759, 0.07813957036633759, 0.07813957036633759, 0.07813957036633759, 0.07754628891672169, 0.07754628891672169, 0.07754628891672169, 0.07754628891672169, 0.07754628891672169, 0.07754628891672169, 0.07695011504347735, 0.07695011504347735, 0.07695011504347735, 0.07695011504347735, 0.07695011504347735, 0.07695011504347735, 0.07635115007899068, 0.07635115007899068, 0.07635115007899068, 0.07635115007899068, 0.07635115007899068, 0.07635115007899068, 0.07574949745091737, 0.07574949745091737, 0.07574949745091737, 0.07574949745091737, 0.07468710939529259, 0.07416105477531794, 0.06413070538231279, 0.06413070538231279, 0.06413070538231279, 0.06475323800713632, 0.06475323800713632, 0.06431305219627556, 0.05680754840516797, 0.0574067826405373, 0.0574067826405373, 0.0574067826405373, 0.0574067826405373, 0.05695505064287844, 0.05117240277423048, 0.05175513173416166, 0.05175513173416166, 0.052339227672448314, 0.052339227672448314, 0.052339227672448314, 0.03225582942548275, 0.03225582942548275, 0.0324632961160147, 0.03294324417348176, 0.03294324417348176, 0.03294324417348176, 0.027662226672493014, 0.028091436137381392, 0.030305164328832124, 0.030305164328832124, 0.030305164328832124, 0.03629898079907072, 0.03629898079907072, 0.03734975715068325, 0.03734975715068325, 0.03734975715068325, 0.030547068356119953, 0.030547068356119953, 0.030247705595562356, 0.030247705595562356, 0.030247705595562356, 0.029283826140686788, 0.029283826140686788, 0.029732016686728514, 0.030116762022767637, 0.030116762022767637, 0.030116762022767637, 0.030116762022767637, 0.030116762022767637, 0.030116762022767637, 0.030116762022767637, 0.030116762022767637, 0.030116762022767637, 0.030116762022767637, 0.030116762022767637, 0.030116762022767637, 0.030116762022767637, 0.030116762022767637, 0.030116762022767637, 0.030116762022767637, 0.030116762022767637, 0.030116762022767637, 0.030116762022767637, 0.030116762022767637, 0.030116762022767637, 0.030116762022767637, 0.030116762022767637, 0.030116762022767637
Occupy-North-America-Australia, 0.08333333333333333, 0.08333333333333333, 0.08333333333333333, 0.08333333333333333, 0.08333333333333333, 0.0827702708145055, 0.0827702708145055, 0.0827702708145055, 0.0827702708145055, 0.0827702708145055, 0.0827702708145055, 0.08220350698432313, 0.08220350698432313, 0.08220350698432313, 0.08220350698432313, 0.08220350698432313, 0.08220350698432313, 0.08163312201511416, 0.08163312201511416, 0.08163312201511416, 0.08163312201511416, 0.08163312201511416, 0.08163312201511416, 0.08105919859403225, 0.08105919859403225, 0.08105919859403225, 0.08105919859403225, 0.08105919859403225, 0.08105919859403225, 0.08048182189019053, 0.08048182189019053, 0.08048182189019053, 0.08048182189019053, 0.08048182189019053, 0.08048182189019053, 0.07990107951832677, 0.07990107951832677, 0.07990107951832677, 0.07990107951832677, 0.07990107951832677, 0.07990107951832677, 0.07931706149900247, 0.07931706149900247, 0.07931706149900247, 0.07931706149900247, 0.07931706149900247, 0.07931706149900247, 0.07872986021534302, 0.07872986021534302, 0.07872986021534302, 0.07872986021534302, 0.07872986021534302, 0.07872986021534302, 0.07813957036633759, 0.07813957036633759, 0.07813957036633759, 0.07813957036633759, 0.07813957036633759, 0.07813957036633759, 0.07754628891672169, 0.07754628891672169, 0.07754628891672169, 0.07754628891672169, 0.07754628891672169, 0.07754628891672169, 0.07695011504347735, 0.07695011504347735, 0.07695011504347735, 0.07695011504347735, 0.07695011504347735, 0.07695011504347735, 0.07635115007899068, 0.07635115007899068, 0.07635115007899068, 0.07635115007899068, 0.07635115007899068, 0.07635115007899068, 0.07574949745091737, 0.07574949745091737, 0.07574949745091737, 0.07574949745091737, 0.07468710939529259, 0.07567454421626589, 0.05108140036367059, 0.05108140036367059, 0.05108140036367059, 0.05157726015592586, 0.05157726015592586, 0.052272083961169044, 0.052304964584697515, 0.05285670332961543, 0.05285670332961543, 0.05285670332961543, 0.05285670332961543, 0.053510994621304764, 0.05012389512634345, 0.050694684139389025, 0.050694684139389025, 0.051266812121801196, 0.051266812121801196, 0.051266812121801196, 0.035777189077406533, 0.035777189077406533, 0.03600730484707145, 0.03653964869639028, 0.03653964869639028, 0.03653964869639028, 0.032683110813153886, 0.03319022474396953, 0.03580575980728865, 0.03580575980728865, 0.03580575980728865, 0.04432227765383411, 0.04432227765383411, 0.04560531095623045, 0.04560531095623045, 0.04560531095623045, 0.03941672504907846, 0.03941672504907846, 0.03982697802087737, 0.03982697802087737, 0.03982697802087737, 0.036733152033408496, 0.036733152033408496, 0.03729535491593459, 0.03777797316585083, 0.03777797316585083, 0.03777797316585083, 0.03777797316585083, 0.03777797316585083, 0.03777797316585083, 0.03777797316585083, 0.03777797316585083, 0.03777797316585083, 0.03777797316585083, 0.03777797316585083, 0.03777797316585083, 0.03777797316585083, 0.03777797316585083, 0.03777797316585083, 0.03777797316585083, 0.03777797316585083, 0.03777797316585083, 0.03777797316585083, 0.03777797316585083, 0.03777797316585083, 0.03777797316585083, 0.03777797316585083, 0.03777797316585083
Occupy-Asia-South-America, 0.08333333333333333, 0.08333333333333333, 0.08333333333333333, 0.08333333333333333, 0.08333333333333333, 0.08445945837098895, 0.08445945837098895, 0.08445945837098895, 0.08445945837098895, 0.08445945837098895, 0.08445945837098895, 0.08559298603135368, 0.08559298603135368, 0.08559298603135368, 0.08559298603135368, 0.08559298603135368, 0.08559298603135368, 0.08673375596977172, 0.08673375596977172, 0.08673375596977172, 0.08673375596977172, 0.08673375596977172, 0.08673375596977172, 0.08788160281193548, 0.08788160281193548, 0.08788160281193548, 0.08788160281193548, 0.08788160281193548, 0.08788160281193548, 0.089036356219619, 0.089036356219619, 0.089036356219619, 0.089036356219619, 0.089036356219619, 0.089036356219619, 0.09019784096334643, 0.09019784096334643, 0.09019784096334643, 0.09019784096334643, 0.09019784096334643, 0.09019784096334643, 0.09136587700199512, 0.09136587700199512, 0.09136587700199512, 0.09136587700199512, 0.09136587700199512, 0.09136587700199512, 0.0925402795693139, 0.0925402795693139, 0.0925402795693139, 0.0925402795693139, 0.0925402795693139, 0.0925402795693139, 0.09372085926732486, 0.09372085926732486, 0.09372085926732486, 0.09372085926732486, 0.09372085926732486, 0.09372085926732486, 0.09490742216655661, 0.09490742216655661, 0.09490742216655661, 0.09490742216655661, 0.09490742216655661, 0.09490742216655661, 0.09609976991304531, 0.09609976991304531, 0.09609976991304531, 0.09609976991304531, 0.09609976991304531, 0.09609976991304531, 0.09729769984201868, 0.09729769984201868, 0.09729769984201868, 0.09729769984201868, 0.09729769984201868, 0.09729769984201868, 0.0985010050981653, 0.0985010050981653, 0.0985010050981653, 0.0985010050981653, 0.0991015559703434, 0.10041177306095045, 0.10604038096091904, 0.10604038096091904, 0.10604038096091904, 0.10492834839484526, 0.10492834839484526, 0.10634189215597527, 0.10583269556897255, 0.10481009201787604, 0.10481009201787604, 0.10481009201787604, 0.10481009201787604, 0.1061074928425323, 0.11853216017911834, 0.11748431585365288, 0.11748431585365288, 0.11643401347202181, 0.11643401347202181, 0.11643401347202181, 0.1745153370317322, 0.1745153370317322, 0.17563780450709765, 0.17466980519995803, 0.17466980519995803, 0.17466980519995803, 0.190124956471685, 0.1892134561410334, 0.18451222249278443, 0.18451222249278443, 0.18451222249278443, 0.18082261773505565, 0.18082261773505565, 0.17868918651167023, 0.17868918651167023, 0.17868918651167023, 0.19347371894141083, 0.19347371894141083, 0.19540921674148826, 0.19540921674148826, 0.19540921674148826, 0.19299484702899217, 0.19299484702899217, 0.19202967448660124, 0.19062433395255837, 0.19062433395255837, 0.19062433395255837, 0.19062433395255837, 0.19062433395255837, 0.19062433395255837, 0.19062433395255837, 0.19062433395255837, 0.19062433395255837, 0.19062433395255837, 0.19062433395255837, 0.19062433395255837, 0.19062433395255837, 0.19062433395255837, 0.19062433395255837, 0.19062433395255837, 0.19062433395255837, 0.19062433395255837, 0.19062433395255837, 0.19062433395255837, 0.19062433395255837, 0.19062433395255837, 0.19062433395255837, 0.19062433395255837
Occupy-Europe-South-America-Asia, 0.08333333333333333, 0.08333333333333333, 0.08333333333333333, 0.08333333333333333, 0.08333333333333333, 0.08445945837098895, 0.08445945837098895, 0.08445945837098895, 0.08445945837098895, 0.08445945837098895, 0.08445945837098895, 0.08559298603135368, 0.08559298603135368, 0.08559298603135368, 0.08559298603135368, 0.08559298603135368, 0.08559298603135368, 0.08673375596977172, 0.08673375596977172, 0.08673375596977172, 0.08673375596977172, 0.08673375596977172, 0.08673375596977172, 0.08788160281193548, 0.08788160281193548, 0.08788160281193548, 0.08788160281193548, 0.08788160281193548, 0.08788160281193548, 0.089036356219619, 0.089036356219619, 0.089036356219619, 0.089036356219619, 0.089036356219619, 0.089036356219619, 0.09019784096334643, 0.09019784096334643, 0.09019784096334643, 0.09019784096334643, 0.09019784096334643, 0.09019784096334643, 0.09136587700199512, 0.09136587700199512, 0.09136587700199512, 0.09136587700199512, 0.09136587700199512, 0.09136587700199512, 0.0925402795693139, 0.0925402795693139, 0.0925402795693139, 0.0925402795693139, 0.0925402795693139, 0.0925402795693139, 0.09372085926732486, 0.09372085926732486, 0.09372085926732486, 0.09372085926732486, 0.09372085926732486, 0.09372085926732486, 0.09490742216655661, 0.09490742216655661, 0.09490742216655661, 0.09490742216655661, 0.09490742216655661, 0.09490742216655661, 0.09609976991304531, 0.09609976991304531, 0.09609976991304531, 0.09609976991304531, 0.09609976991304531, 0.09609976991304531, 0.09729769984201868, 0.09729769984201868, 0.09729769984201868, 0.09729769984201868, 0.09729769984201868, 0.09729769984201868, 0.0985010050981653, 0.0985010050981653, 0.0985010050981653, 0.0985010050981653, 0.0991015559703434, 0.09840353951493401, 0.14176563417380306, 0.14176563417380306, 0.14176563417380306, 0.1402789552263795, 0.1402789552263795, 0.13932535340578453, 0.12201109548187575, 0.12083216888606181, 0.12083216888606181, 0.12083216888606181, 0.12083216888606181, 0.11988134470603173, 0.12904908576341392, 0.1279082700386405, 0.1279082700386405, 0.126764778163357, 0.126764778163357, 0.126764778163357, 0.1767198022881711, 0.1767198022881711, 0.17785644869240902, 0.17687622168725076, 0.17687622168725076, 0.17687622168725076, 0.18202515034318673, 0.18115248224214534, 0.1766515330900628, 0.1766515330900628, 0.1766515330900628, 0.16487534428429176, 0.16487534428429176, 0.1629300665758476, 0.1629300665758476, 0.1629300665758476, 0.1687035811033009, 0.1687035811033009, 0.1669834577922545, 0.1669834577922545, 0.1669834577922545, 0.17365071667462012, 0.17365071667462012, 0.17278228466060022, 0.17151780327850524, 0.17151780327850524, 0.17151780327850524, 0.17151780327850524, 0.17151780327850524, 0.17151780327850524, 0.17151780327850524, 0.17151780327850524, 0.17151780327850524, 0.17151780327850524, 0.17151780327850524, 0.17151780327850524, 0.17151780327850524, 0.17151780327850524, 0.17151780327850524, 0.17151780327850524, 0.17151780327850524, 0.17151780327850524, 0.17151780327850524, 0.17151780327850524, 0.17151780327850524, 0.17151780327850524, 0.17151780327850524, 0.17151780327850524
Occupy-North-America-Africa, 0.08333333333333333, 0.08333333333333333, 0.08333333333333333, 0.08333333333333333, 0.08333333333333333, 0.0827702708145055, 0.0827702708145055, 0.0827702708145055, 0.0827702708145055, 0.0827702708145055, 0.0827702708145055, 0.08220350698432313, 0.08220350698432313, 0.08220350698432313, 0.08220350698432313, 0.08220350698432313, 0.08220350698432313, 0.08163312201511416, 0.08163312201511416, 0.08163312201511416, 0.08163312201511416, 0.08163312201511416, 0.08163312201511416, 0.08105919859403225, 0.08105919859403225, 0.08105919859403225, 0.08105919859403225, 0.08105919859403225, 0.08105919859403225, 0.08048182189019053, 0.08048182189019053, 0.08048182189019053, 0.08048182189019053, 0.08048182189019053, 0.08048182189019053, 0.07990107951832677, 0.07990107951832677, 0.07990107951832677, 0.07990107951832677, 0.07990107951832677, 0.07990107951832677, 0.07931706149900247, 0.07931706149900247, 0.07931706149900247, 0.07931706149900247, 0.07931706149900247, 0.07931706149900247, 0.07872986021534302, 0.07872986021534302, 0.07872986021534302, 0.07872986021534302, 0.07872986021534302, 0.07872986021534302, 0.07813957036633759, 0.07813957036633759, 0.07813957036633759, 0.07813957036633759, 0.07813957036633759, 0.07813957036633759, 0.07754628891672169, 0.07754628891672169, 0.07754628891672169, 0.07754628891672169, 0.07754628891672169, 0.07754628891672169, 0.07695011504347735, 0.07695011504347735, 0.07695011504347735, 0.07695011504347735, 0.07695011504347735, 0.07695011504347735, 0.07635115007899068, 0.07635115007899068, 0.07635115007899068, 0.07635115007899068, 0.07635115007899068, 0.07635115007899068, 0.07574949745091737, 0.07574949745091737, 0.07574949745091737, 0.07574949745091737, 0.07468710939529259, 0.07567454421626589, 0.05320885864165838, 0.05320885864165838, 0.05320885864165838, 0.05372537019780901, 0.05372537019780901, 0.054449132298511664, 0.07106394815616951, 0.07181356597688529, 0.07181356597688529, 0.07181356597688529, 0.07181356597688529, 0.07270251643886969, 0.06807228136584167, 0.06884745875775487, 0.06884745875775487, 0.06962445457776974, 0.06962445457776974, 0.06962445457776974, 0.04291549404940112, 0.04291549404940112, 0.04232769314433138, 0.0429534796950588, 0.0429534796950588, 0.0429534796950588, 0.03763591927265634, 0.03821988140133277, 0.04123177543616444, 0.04123177543616444, 0.04123177543616444, 0.05103888896306043, 0.05103888896306043, 0.052516353518658486, 0.052516353518658486, 0.052516353518658486, 0.0453899474386188, 0.0453899474386188, 0.0458623702693665, 0.0458623702693665, 0.0458623702693665, 0.04229970495963834, 0.04229970495963834, 0.04294710423636481, 0.0435028586012782, 0.0435028586012782, 0.0435028586012782, 0.0435028586012782, 0.0435028586012782, 0.0435028586012782, 0.0435028586012782, 0.0435028586012782, 0.0435028586012782, 0.0435028586012782, 0.0435028586012782, 0.0435028586012782, 0.0435028586012782, 0.0435028586012782, 0.0435028586012782, 0.0435028586012782, 0.0435028586012782, 0.0435028586012782, 0.0435028586012782, 0.0435028586012782, 0.0435028586012782, 0.0435028586012782, 0.0435028586012782, 0.0435028586012782
bob
LOSER
Conquer the continents of NORTH AMERICA and AUSTRALIA., Turn 1, Turn 2, Turn 3, Turn 4, Turn 5, Turn 6, Turn 7, Turn 8, Turn 9, Turn 10, Turn 11, Turn 12, Turn 13, Turn 14, Turn 15, Turn 16, Turn 17, Turn 18, Turn 19, Turn 20, Turn 21, Turn 22, Turn 23, Turn 24, Turn 25, Turn 26, Turn 27, Turn 28, Turn 29, Turn 30, Turn 31, Turn 32, Turn 33, Turn 34, Turn 35, Turn 36, Turn 37, Turn 38, Turn 39, Turn 40, Turn 41, Turn 42, Turn 43, Turn 44, Turn 45, Turn 46, Turn 47, Turn 48, Turn 49, Turn 50, Turn 51, Turn 52, Turn 53, Turn 54, Turn 55, Turn 56, Turn 57, Turn 58, Turn 59, Turn 60, Turn 61, Turn 62, Turn 63, Turn 64, Turn 65, Turn 66, Turn 67, Turn 68, Turn 69, Turn 70, Turn 71, Turn 72, Turn 73, Turn 74, Turn 75, Turn 76, Turn 77, Turn 78, Turn 79, Turn 80, Turn 81, Turn 82, Turn 83, Turn 84, Turn 85, Turn 86, Turn 87, Turn 88, Turn 89, Turn 90, Turn 91, Turn 92, Turn 93, Turn 94, Turn 95, Turn 96, Turn 97, Turn 98, Turn 99, Turn 100, Turn 101, Turn 102, Turn 103, Turn 104, Turn 105, Turn 106, Turn 107, Turn 108, Turn 109, Turn 110, Turn 111, Turn 112, Turn 113, Turn 114, Turn 115, Turn 116, Turn 117, Turn 118, Turn 119, Turn 120, Turn 121, Turn 122, Turn 123, Turn 124, Turn 125, Turn 126, Turn 127, Turn 128, Turn 129, Turn 130, Turn 131, Turn 132, Turn 133, Turn 134, Turn 135, Turn 136, Turn 137, Turn 138, Turn 139, Turn 140, Turn 141, Turn 142, Turn 143, Turn 144, Turn 145, Turn 146, Turn 147, Turn 148, Turn 149
Occupy-Europe-Australia-Asia, 0.08445945837098895, 0.08445945837098895, 0.08445945837098895, 0.08445945837098895, 0.08445945837098895, 0.08445945837098895, 0.08559298603135368, 0.08559298603135368, 0.08559298603135368, 0.08559298603135368, 0.08559298603135368, 0.08559298603135368, 0.08502244429324028, 0.08502244429324028, 0.08502244429324028, 0.08502244429324028, 0.08502244429324028, 0.08502244429324028, 0.08444804649472756, 0.08444804649472756, 0.08444804649472756, 0.08444804649472756, 0.08444804649472756, 0.08444804649472756, 0.08386987180563664, 0.08386987180563664, 0.08386987180563664, 0.08386987180563664, 0.08386987180563664, 0.08386987180563664, 0.08328800199169825, 0.08328800199169825, 0.08328800199169825, 0.08328800199169825, 0.08328800199169825, 0.08328800199169825, 0.08270252138458875, 0.08270252138458875, 0.08270252138458875, 0.08270252138458875, 0.08270252138458875, 0.08270252138458875, 0.08211351684843571, 0.08211351684843571, 0.08211351684843571, 0.08211351684843571, 0.08211351684843571, 0.08211351684843571, 0.08152107774278507, 0.08152107774278507, 0.08152107774278507, 0.08152107774278507, 0.08152107774278507, 0.08152107774278507, 0.08092529588203154, 0.08092529588203154, 0.08092529588203154, 0.08092529588203154, 0.08092529588203154, 0.08092529588203154, 0.08032626549132106, 0.08032626549132106, 0.08032626549132106, 0.08032626549132106, 0.08032626549132106, 0.08032626549132106, 0.07972408315894201, 0.07972408315894201, 0.07972408315894201, 0.07972408315894201, 0.07972408315894201, 0.07972408315894201, 0.07894612925053122, 0.07894612925053122, 0.07894612925053122, 0.07894612925053122, 0.07894612925053122, 0.07894612925053122, 0.06509310541267797, 0.06489708479736686, 0.06549968494918644, 0.06614381366407332, 0.06677472461797054, 0.06577694074983366, 0.07442170603624487, 0.07442170603624487, 0.07442170603624487, 0.0750746499956133, 0.0750746499956133, 0.0761366561913103, 0.08009139087895764, 0.08009139087895764, 0.08009139087895764, 0.08009139087895764, 0.08009139087895764, 0.08009139087895764, 0.028187222805354177, 0.029583782767111082, 0.029583782767111082, 0.029583782767111082, 0.029583782767111082, 0.02759926538638748, 0.026418163856050492, 0.026418163856050492, 0.026418163856050492, 0.026418163856050492, 0.026443805454139716, 0.026443805454139716, 0.026443805454139716, 0.026443805454139716, 0.026443805454139716, 0.026443805454139716, 0.026443805454139716, 0.026443805454139716, 0.026443805454139716, 0.026443805454139716, 0.026443805454139716, 0.026443805454139716, 0.026443805454139716, 0.026443805454139716, 0.026443805454139716, 0.026443805454139716, 0.026443805454139716, 0.026443805454139716, 0.026443805454139716, 0.026443805454139716, 0.026443805454139716, 0.026443805454139716, 0.026443805454139716, 0.026443805454139716, 0.026443805454139716, 0.026443805454139716, 0.026443805454139716, 0.026443805454139716, 0.026443805454139716, 0.026443805454139716, 0.026443805454139716, 0.026443805454139716, 0.026443805454139716, 0.026443805454139716, 0.026443805454139716, 0.026443805454139716, 0.026443805454139716, 0.026443805454139716, 0.026443805454139716, 0.026443805454139716, 0.026443805454139716, 0.026443805454139716, 0.026443805454139716
Occupy-Europe-South-America-North-America, 0.0827702708145055, 0.0827702708145055, 0.0827702708145055, 0.0827702708145055, 0.0827702708145055, 0.0827702708145055, 0.08220350698432313, 0.08220350698432313, 0.08220350698432313, 0.08220350698432313, 0.08220350698432313, 0.08220350698432313, 0.0833219970290499, 0.0833219970290499, 0.0833219970290499, 0.0833219970290499, 0.0833219970290499, 0.0833219970290499, 0.08444804649472755, 0.08444804649472755, 0.08444804649472755, 0.08444804649472755, 0.08444804649472755, 0.08444804649472755, 0.08558150017683579, 0.08558150017683579, 0.08558150017683579, 0.08558150017683579, 0.08558150017683579, 0.08558150017683579, 0.0867221977818333, 0.0867221977818333, 0.0867221977818333, 0.0867221977818333, 0.0867221977818333, 0.0867221977818333, 0.08786997398589835, 0.08786997398589835, 0.08786997398589835, 0.08786997398589835, 0.08786997398589835, 0.08786997398589835, 0.08902465850059214, 0.08902465850059214, 0.08902465850059214, 0.08902465850059214, 0.08902465850059214, 0.08902465850059214, 0.09018607614545744, 0.09018607614545744, 0.09018607614545744, 0.09018607614545744, 0.09018607614545744, 0.09018607614545744, 0.09135404692755135, 0.09135404692755135, 0.09135404692755135, 0.09135404692755135, 0.09135404692755135, 0.09135404692755135, 0.0925283861278944, 0.0925283861278944, 0.0925283861278944, 0.0925283861278944, 0.0925283861278944, 0.0925283861278944, 0.09370890439480227, 0.09370890439480227, 0.09370890439480227, 0.09370890439480227, 0.09370890439480227, 0.09370890439480227, 0.09468824866199305, 0.09468824866199305, 0.09468824866199305, 0.09468824866199305, 0.09468824866199305, 0.09468824866199305, 0.12000254718888953, 0.12203399410017692, 0.12070379710022369, 0.11940521218704317, 0.11813327471964563, 0.11874291989175845, 0.10991321590546198, 0.10991321590546198, 0.10991321590546198, 0.1086599982425179, 0.1086599982425179, 0.10803637737569877, 0.10486730854830167, 0.10486730854830167, 0.10486730854830167, 0.10486730854830167, 0.10486730854830167, 0.10486730854830167, 0.1668552030849135, 0.16482361033263998, 0.16482361033263998, 0.16482361033263998, 0.16482361033263998, 0.16670894531057942, 0.15957469055159929, 0.15957469055159929, 0.15957469055159929, 0.15957469055159929, 0.1597295745209255, 0.1597295745209255, 0.1597295745209255, 0.1597295745209255, 0.1597295745209255, 0.1597295745209255, 0.1597295745209255, 0.1597295745209255, 0.1597295745209255, 0.1597295745209255, 0.1597295745209255, 0.1597295745209255, 0.1597295745209255, 0.1597295745209255, 0.1597295745209255, 0.1597295745209255, 0.1597295745209255, 0.1597295745209255, 0.1597295745209255, 0.1597295745209255, 0.1597295745209255, 0.1597295745209255, 0.1597295745209255, 0.1597295745209255, 0.1597295745209255, 0.1597295745209255, 0.1597295745209255, 0.1597295745209255, 0.1597295745209255, 0.1597295745209255, 0.1597295745209255, 0.1597295745209255, 0.1597295745209255, 0.1597295745209255, 0.1597295745209255, 0.1597295745209255, 0.1597295745209255, 0.1597295745209255, 0.1597295745209255, 0.1597295745209255, 0.1597295745209255, 0.1597295745209255, 0.1597295745209255
Occupy-Asia-Africa, 0.08445945837098895, 0.08445945837098895, 0.08445945837098895, 0.08445945837098895, 0.08445945837098895, 0.08445945837098895, 0.08559298603135368, 0.08559298603135368, 0.08559298603135368, 0.08559298603135368, 0.08559298603135368, 0.08559298603135368, 0.08502244429324028, 0.08502244429324028, 0.08502244429324028, 0.08502244429324028, 0.08502244429324028, 0.08502244429324028, 0.08444804649472756, 0.08444804649472756, 0.08444804649472756, 0.08444804649472756, 0.08444804649472756, 0.08444804649472756, 0.08386987180563664, 0.08386987180563664, 0.08386987180563664, 0.08386987180563664, 0.08386987180563664, 0.08386987180563664, 0.08328800199169825, 0.08328800199169825, 0.08328800199169825, 0.08328800199169825, 0.08328800199169825, 0.08328800199169825, 0.08270252138458875, 0.08270252138458875, 0.08270252138458875, 0.08270252138458875, 0.08270252138458875, 0.08270252138458875, 0.08211351684843571, 0.08211351684843571, 0.08211351684843571, 0.08211351684843571, 0.08211351684843571, 0.08211351684843571, 0.08152107774278507, 0.08152107774278507, 0.08152107774278507, 0.08152107774278507, 0.08152107774278507, 0.08152107774278507, 0.08092529588203154, 0.08092529588203154, 0.08092529588203154, 0.08092529588203154, 0.08092529588203154, 0.08092529588203154, 0.08032626549132106, 0.08032626549132106, 0.08032626549132106, 0.08032626549132106, 0.08032626549132106, 0.08032626549132106, 0.07972408315894201, 0.07972408315894201, 0.07972408315894201, 0.07972408315894201, 0.07972408315894201, 0.07972408315894201, 0.07894612925053122, 0.07894612925053122, 0.07894612925053122, 0.07894612925053122, 0.07894612925053122, 0.07894612925053122, 0.05889376204004197, 0.057542082973591924, 0.05807638845193767, 0.058647515923586406, 0.05920692364692956, 0.05832222193329614, 0.0659872473030965, 0.0659872473030965, 0.0659872473030965, 0.06656619095833767, 0.06656619095833767, 0.06750783647018269, 0.07101436796147673, 0.07101436796147673, 0.07101436796147673, 0.07101436796147673, 0.07101436796147673, 0.07101436796147673, 0.022903754733972236, 0.023557770413149073, 0.023557770413149073, 0.023557770413149073, 0.023557770413149073, 0.022426005201461548, 0.025199559760444985, 0.025199559760444985, 0.025199559760444985, 0.025199559760444985, 0.025224018575483134, 0.025224018575483134, 0.025224018575483134, 0.025224018575483134, 0.025224018575483134, 0.025224018575483134, 0.025224018575483134, 0.025224018575483134, 0.025224018575483134, 0.025224018575483134, 0.025224018575483134, 0.025224018575483134, 0.025224018575483134, 0.025224018575483134, 0.025224018575483134, 0.025224018575483134, 0.025224018575483134, 0.025224018575483134, 0.025224018575483134, 0.025224018575483134, 0.025224018575483134, 0.025224018575483134, 0.025224018575483134, 0.025224018575483134, 0.025224018575483134, 0.025224018575483134, 0.025224018575483134, 0.025224018575483134, 0.025224018575483134, 0.025224018575483134, 0.025224018575483134, 0.025224018575483134, 0.025224018575483134, 0.025224018575483134, 0.025224018575483134, 0.025224018575483134, 0.025224018575483134, 0.025224018575483134, 0.025224018575483134, 0.025224018575483134, 0.025224018575483134, 0.025224018575483134, 0.025224018575483134
Occupy-Europe-South-America-Africa, 0.0827702708145055, 0.0827702708145055, 0.0827702708145055, 0.0827702708145055, 0.0827702708145055, 0.0827702708145055, 0.08220350698432313, 0.08220350698432313, 0.08220350698432313, 0.08220350698432313, 0.08220350698432313, 0.08220350698432313, 0.08165555867770986, 0.08165555867770986, 0.08165555867770986, 0.08165555867770986, 0.08165555867770986, 0.08165555867770986, 0.08110390701054494, 0.08110390701054494, 0.08110390701054494, 0.08110390701054494, 0.08110390701054494, 0.08110390701054494, 0.08054862801752753, 0.08054862801752753, 0.08054862801752753, 0.08054862801752753, 0.08054862801752753, 0.08054862801752753, 0.07998980022646845, 0.07998980022646845, 0.07998980022646845, 0.07998980022646845, 0.07998980022646845, 0.07998980022646845, 0.07942750462951287, 0.07942750462951287, 0.07942750462951287, 0.07942750462951287, 0.07942750462951287, 0.07942750462951287, 0.07886182465097213, 0.07886182465097213, 0.07886182465097213, 0.07886182465097213, 0.07886182465097213, 0.07886182465097213, 0.07829284611175749, 0.07829284611175749, 0.07829284611175749, 0.07829284611175749, 0.07829284611175749, 0.07829284611175749, 0.07772065719041708, 0.07772065719041708, 0.07772065719041708, 0.07772065719041708, 0.07772065719041708, 0.07772065719041708, 0.07714534838078457, 0.07714534838078457, 0.07714534838078457, 0.07714534838078457, 0.07714534838078457, 0.07714534838078457, 0.07656701244625574, 0.07656701244625574, 0.07656701244625574, 0.07656701244625574, 0.07656701244625574, 0.07656701244625574, 0.07736720817129854, 0.07736720817129854, 0.07736720817129854, 0.07736720817129854, 0.07736720817129854, 0.07736720817129854, 0.06354326956951899, 0.06332657539360426, 0.06263630198882873, 0.06325227198527422, 0.06385560204811383, 0.06418513883267667, 0.06457863311902617, 0.06457863311902617, 0.06457863311902617, 0.06514521820078716, 0.06514521820078716, 0.06477133712126767, 0.06415446616861153, 0.06415446616861153, 0.06415446616861153, 0.06415446616861153, 0.06415446616861153, 0.06415446616861153, 0.12463022647474999, 0.12065050310731264, 0.12065050310731264, 0.12065050310731264, 0.12065050310731264, 0.12203056396846683, 0.13214781468221126, 0.13214781468221126, 0.13214781468221126, 0.13214781468221126, 0.12963055895578376, 0.12963055895578376, 0.12963055895578376, 0.12963055895578376, 0.12963055895578376, 0.12963055895578376, 0.12963055895578376, 0.12963055895578376, 0.12963055895578376, 0.12963055895578376, 0.12963055895578376, 0.12963055895578376, 0.12963055895578376, 0.12963055895578376, 0.12963055895578376, 0.12963055895578376, 0.12963055895578376, 0.12963055895578376, 0.12963055895578376, 0.12963055895578376, 0.12963055895578376, 0.12963055895578376, 0.12963055895578376, 0.12963055895578376, 0.12963055895578376, 0.12963055895578376, 0.12963055895578376, 0.12963055895578376, 0.12963055895578376, 0.12963055895578376, 0.12963055895578376, 0.12963055895578376, 0.12963055895578376, 0.12963055895578376, 0.12963055895578376, 0.12963055895578376, 0.12963055895578376, 0.12963055895578376, 0.12963055895578376, 0.12963055895578376, 0.12963055895578376, 0.12963055895578376, 0.12963055895578376
Occupy-Europe-Australia-South-America, 0.0827702708145055, 0.0827702708145055, 0.0827702708145055, 0.0827702708145055, 0.0827702708145055, 0.0827702708145055, 0.08220350698432313, 0.08220350698432313, 0.08220350698432313, 0.08220350698432313, 0.08220350698432313, 0.08220350698432313, 0.08165555867770986, 0.08165555867770986, 0.08165555867770986, 0.08165555867770986, 0.08165555867770986, 0.08165555867770986, 0.08110390701054494, 0.08110390701054494, 0.08110390701054494, 0.08110390701054494, 0.08110390701054494, 0.08110390701054494, 0.08054862801752753, 0.08054862801752753, 0.08054862801752753, 0.08054862801752753, 0.08054862801752753, 0.08054862801752753, 0.07998980022646845, 0.07998980022646845, 0.07998980022646845, 0.07998980022646845, 0.07998980022646845, 0.07998980022646845, 0.07942750462951287, 0.07942750462951287, 0.07942750462951287, 0.07942750462951287, 0.07942750462951287, 0.07942750462951287, 0.07886182465097213, 0.07886182465097213, 0.07886182465097213, 0.07886182465097213, 0.07886182465097213, 0.07886182465097213, 0.07829284611175749, 0.07829284611175749, 0.07829284611175749, 0.07829284611175749, 0.07829284611175749, 0.07829284611175749, 0.07772065719041708, 0.07772065719041708, 0.07772065719041708, 0.07772065719041708, 0.07772065719041708, 0.07772065719041708, 0.07714534838078457, 0.07714534838078457, 0.07714534838078457, 0.07714534838078457, 0.07714534838078457, 0.07714534838078457, 0.07656701244625574, 0.07656701244625574, 0.07656701244625574, 0.07656701244625574, 0.07656701244625574, 0.07656701244625574, 0.07736720817129854, 0.07736720817129854, 0.07736720817129854, 0.07736720817129854, 0.07736720817129854, 0.07736720817129854, 0.07129244878531397, 0.07249931337507202, 0.07170905513710085, 0.07241424725469725, 0.07310496856755112, 0.07348223814930474, 0.07393272935935422, 0.07393272935935422, 0.07393272935935422, 0.07458138324819814, 0.07458138324819814, 0.07415334618191728, 0.07344712260626007, 0.07344712260626007, 0.07344712260626007, 0.07344712260626007, 0.07344712260626007, 0.07344712260626007, 0.13977734662399946, 0.1380754479772499, 0.1380754479772499, 0.1380754479772499, 0.1380754479772499, 0.13965482408204943, 0.13367834158756947, 0.13367834158756947, 0.13367834158756947, 0.13367834158756947, 0.1338080904348739, 0.1338080904348739, 0.1338080904348739, 0.1338080904348739, 0.1338080904348739, 0.1338080904348739, 0.1338080904348739, 0.1338080904348739, 0.1338080904348739, 0.1338080904348739, 0.1338080904348739, 0.1338080904348739, 0.1338080904348739, 0.1338080904348739, 0.1338080904348739, 0.1338080904348739, 0.1338080904348739, 0.1338080904348739, 0.1338080904348739, 0.1338080904348739, 0.1338080904348739, 0.1338080904348739, 0.1338080904348739, 0.1338080904348739, 0.1338080904348739, 0.1338080904348739, 0.1338080904348739, 0.1338080904348739, 0.1338080904348739, 0.1338080904348739, 0.1338080904348739, 0.1338080904348739, 0.1338080904348739, 0.1338080904348739, 0.1338080904348739, 0.1338080904348739, 0.1338080904348739, 0.1338080904348739, 0.1338080904348739, 0.1338080904348739, 0.1338080904348739, 0.1338080904348739, 0.1338080904348739
Occupy-Europe-South-America-Australia, 0.0827702708145055, 0.0827702708145055, 0.0827702708145055, 0.0827702708145055, 0.0827702708145055, 0.0827702708145055, 0.08220350698432313, 0.08220350698432313, 0.08220350698432313, 0.08220350698432313, 0.08220350698432313, 0.08220350698432313, 0.08165555867770986, 0.08165555867770986, 0.08165555867770986, 0.08165555867770986, 0.08165555867770986, 0.08165555867770986, 0.08110390701054494, 0.08110390701054494, 0.08110390701054494, 0.08110390701054494, 0.08110390701054494, 0.08110390701054494, 0.08054862801752753, 0.08054862801752753, 0.08054862801752753, 0.08054862801752753, 0.08054862801752753, 0.08054862801752753, 0.07998980022646845, 0.07998980022646845, 0.07998980022646845, 0.07998980022646845, 0.07998980022646845, 0.07998980022646845, 0.07942750462951287, 0.07942750462951287, 0.07942750462951287, 0.07942750462951287, 0.07942750462951287, 0.07942750462951287, 0.07886182465097213, 0.07886182465097213, 0.07886182465097213, 0.07886182465097213, 0.07886182465097213, 0.07886182465097213, 0.07829284611175749, 0.07829284611175749, 0.07829284611175749, 0.07829284611175749, 0.07829284611175749, 0.07829284611175749, 0.07772065719041708, 0.07772065719041708, 0.07772065719041708, 0.07772065719041708, 0.07772065719041708, 0.07772065719041708, 0.07714534838078457, 0.07714534838078457, 0.07714534838078457, 0.07714534838078457, 0.07714534838078457, 0.07714534838078457, 0.07656701244625574, 0.07656701244625574, 0.07656701244625574, 0.07656701244625574, 0.07656701244625574, 0.07656701244625574, 0.07736720817129854, 0.07736720817129854, 0.07736720817129854, 0.07736720817129854, 0.07736720817129854, 0.07736720817129854, 0.07129244878531397, 0.07249931337507202, 0.07170905513710085, 0.07241424725469725, 0.07310496856755112, 0.07348223814930474, 0.07393272935935422, 0.07393272935935422, 0.07393272935935422, 0.07458138324819814, 0.07458138324819814, 0.07415334618191728, 0.07344712260626007, 0.07344712260626007, 0.07344712260626007, 0.07344712260626007, 0.07344712260626007, 0.07344712260626007, 0.13977734662399946, 0.1380754479772499, 0.1380754479772499, 0.1380754479772499, 0.1380754479772499, 0.13965482408204943, 0.13367834158756947, 0.13367834158756947, 0.13367834158756947, 0.13367834158756947, 0.1338080904348739, 0.1338080904348739, 0.1338080904348739, 0.1338080904348739, 0.1338080904348739, 0.1338080904348739, 0.1338080904348739, 0.1338080904348739, 0.1338080904348739, 0.1338080904348739, 0.1338080904348739, 0.1338080904348739, 0.1338080904348739, 0.1338080904348739, 0.1338080904348739, 0.1338080904348739, 0.1338080904348739, 0.1338080904348739, 0.1338080904348739, 0.1338080904348739, 0.1338080904348739, 0.1338080904348739, 0.1338080904348739, 0.1338080904348739, 0.1338080904348739, 0.1338080904348739, 0.1338080904348739, 0.1338080904348739, 0.1338080904348739, 0.1338080904348739, 0.1338080904348739, 0.1338080904348739, 0.1338080904348739, 0.1338080904348739, 0.1338080904348739, 0.1338080904348739, 0.1338080904348739, 0.1338080904348739, 0.1338080904348739, 0.1338080904348739, 0.1338080904348739, 0.1338080904348739, 0.1338080904348739
Occupy-North-America-Australia, 0.0827702708145055, 0.0827702708145055, 0.0827702708145055, 0.0827702708145055, 0.0827702708145055, 0.0827702708145055, 0.08220350698432313, 0.08220350698432313, 0.08220350698432313, 0.08220350698432313, 0.08220350698432313, 0.08220350698432313, 0.0833219970290499, 0.0833219970290499, 0.0833219970290499, 0.0833219970290499, 0.0833219970290499, 0.0833219970290499, 0.08444804649472755, 0.08444804649472755, 0.08444804649472755, 0.08444804649472755, 0.08444804649472755, 0.08444804649472755, 0.08558150017683579, 0.08558150017683579, 0.08558150017683579, 0.08558150017683579, 0.08558150017683579, 0.08558150017683579, 0.0867221977818333, 0.0867221977818333, 0.0867221977818333, 0.0867221977818333, 0.0867221977818333, 0.0867221977818333, 0.08786997398589835, 0.08786997398589835, 0.08786997398589835, 0.08786997398589835, 0.08786997398589835, 0.08786997398589835, 0.08902465850059214, 0.08902465850059214, 0.08902465850059214, 0.08902465850059214, 0.08902465850059214, 0.08902465850059214, 0.09018607614545744, 0.09018607614545744, 0.09018607614545744, 0.09018607614545744, 0.09018607614545744, 0.09018607614545744, 0.09135404692755135, 0.09135404692755135, 0.09135404692755135, 0.09135404692755135, 0.09135404692755135, 0.09135404692755135, 0.0925283861278944, 0.0925283861278944, 0.0925283861278944, 0.0925283861278944, 0.0925283861278944, 0.0925283861278944, 0.09370890439480227, 0.09370890439480227, 0.09370890439480227, 0.09370890439480227, 0.09370890439480227, 0.09370890439480227, 0.09279448549478819, 0.09279448549478819, 0.09279448549478819, 0.09279448549478819, 0.09279448549478819, 0.09279448549478819, 0.12268596376163961, 0.12231650868718698, 0.12345227536969797, 0.1221241211098963, 0.12082322106987671, 0.12144674812928632, 0.11241598792011002, 0.11241598792011002, 0.11241598792011002, 0.11113423394268146, 0.11113423394268146, 0.1104964129558825, 0.1072551830447762, 0.1072551830447762, 0.1072551830447762, 0.1072551830447762, 0.1072551830447762, 0.1072551830447762, 0.06264479424971932, 0.06574858393718862, 0.06574858393718862, 0.06574858393718862, 0.06574858393718862, 0.06785780394347662, 0.06918997352229135, 0.06918997352229135, 0.06918997352229135, 0.06918997352229135, 0.07067053908015367, 0.07067053908015367, 0.07067053908015367, 0.07067053908015367, 0.07067053908015367, 0.07067053908015367, 0.07067053908015367, 0.07067053908015367, 0.07067053908015367, 0.07067053908015367, 0.07067053908015367, 0.07067053908015367, 0.07067053908015367, 0.07067053908015367, 0.07067053908015367, 0.07067053908015367, 0.07067053908015367, 0.07067053908015367, 0.07067053908015367, 0.07067053908015367, 0.07067053908015367, 0.07067053908015367, 0.07067053908015367, 0.07067053908015367, 0.07067053908015367, 0.07067053908015367, 0.07067053908015367, 0.07067053908015367, 0.07067053908015367, 0.07067053908015367, 0.07067053908015367, 0.07067053908015367, 0.07067053908015367, 0.07067053908015367, 0.07067053908015367, 0.07067053908015367, 0.07067053908015367, 0.07067053908015367, 0.07067053908015367, 0.07067053908015367, 0.07067053908015367, 0.07067053908015367, 0.07067053908015367
Occupy-Europe-Australia-Africa, 0.0827702708145055, 0.0827702708145055, 0.0827702708145055, 0.0827702708145055, 0.0827702708145055, 0.0827702708145055, 0.08220350698432313, 0.08220350698432313, 0.08220350698432313, 0.08220350698432313, 0.08220350698432313, 0.08220350698432313, 0.08165555867770986, 0.08165555867770986, 0.08165555867770986, 0.08165555867770986, 0.08165555867770986, 0.08165555867770986, 0.08110390701054494, 0.08110390701054494, 0.08110390701054494, 0.08110390701054494, 0.08110390701054494, 0.08110390701054494, 0.08054862801752753, 0.08054862801752753, 0.08054862801752753, 0.08054862801752753, 0.08054862801752753, 0.08054862801752753, 0.07998980022646845, 0.07998980022646845, 0.07998980022646845, 0.07998980022646845, 0.07998980022646845, 0.07998980022646845, 0.07942750462951287, 0.07942750462951287, 0.07942750462951287, 0.07942750462951287, 0.07942750462951287, 0.07942750462951287, 0.07886182465097213, 0.07886182465097213, 0.07886182465097213, 0.07886182465097213, 0.07886182465097213, 0.07886182465097213, 0.07829284611175749, 0.07829284611175749, 0.07829284611175749, 0.07829284611175749, 0.07829284611175749, 0.07829284611175749, 0.07772065719041708, 0.07772065719041708, 0.07772065719041708, 0.07772065719041708, 0.07772065719041708, 0.07772065719041708, 0.07714534838078457, 0.07714534838078457, 0.07714534838078457, 0.07714534838078457, 0.07714534838078457, 0.07714534838078457, 0.07656701244625574, 0.07656701244625574, 0.07656701244625574, 0.07656701244625574, 0.07656701244625574, 0.07656701244625574, 0.07581986548353496, 0.07581986548353496, 0.07581986548353496, 0.07581986548353496, 0.07581986548353496, 0.07581986548353496, 0.06549234567519681, 0.06398922158199172, 0.06458339179411332, 0.06521850961478148, 0.06584059458136343, 0.06618037522920228, 0.06658610153898009, 0.06658610153898009, 0.06658610153898009, 0.06717029928307097, 0.06717029928307097, 0.06678479586929474, 0.06614874908561161, 0.06614874908561161, 0.06614874908561161, 0.06614874908561161, 0.06614874908561161, 0.06614874908561161, 0.04758617523897705, 0.048944996317871386, 0.048944996317871386, 0.048944996317871386, 0.048944996317871386, 0.04950485369125963, 0.05466033840505043, 0.05466033840505043, 0.05466033840505043, 0.05466033840505043, 0.05361912519854025, 0.05361912519854025, 0.05361912519854025, 0.05361912519854025, 0.05361912519854025, 0.05361912519854025, 0.05361912519854025, 0.05361912519854025, 0.05361912519854025, 0.05361912519854025, 0.05361912519854025, 0.05361912519854025, 0.05361912519854025, 0.05361912519854025, 0.05361912519854025, 0.05361912519854025, 0.05361912519854025, 0.05361912519854025, 0.05361912519854025, 0.05361912519854025, 0.05361912519854025, 0.05361912519854025, 0.05361912519854025, 0.05361912519854025, 0.05361912519854025, 0.05361912519854025, 0.05361912519854025, 0.05361912519854025, 0.05361912519854025, 0.05361912519854025, 0.05361912519854025, 0.05361912519854025, 0.05361912519854025, 0.05361912519854025, 0.05361912519854025, 0.05361912519854025, 0.05361912519854025, 0.05361912519854025, 0.05361912519854025, 0.05361912519854025, 0.05361912519854025, 0.05361912519854025, 0.05361912519854025
Occupy-Europe-Australia-North-America, 0.0827702708145055, 0.0827702708145055, 0.0827702708145055, 0.0827702708145055, 0.0827702708145055, 0.0827702708145055, 0.08220350698432313, 0.08220350698432313, 0.08220350698432313, 0.08220350698432313, 0.08220350698432313, 0.08220350698432313, 0.0833219970290499, 0.0833219970290499, 0.0833219970290499, 0.0833219970290499, 0.0833219970290499, 0.0833219970290499, 0.08444804649472755, 0.08444804649472755, 0.08444804649472755, 0.08444804649472755, 0.08444804649472755, 0.08444804649472755, 0.08558150017683579, 0.08558150017683579, 0.08558150017683579, 0.08558150017683579, 0.08558150017683579, 0.08558150017683579, 0.0867221977818333, 0.0867221977818333, 0.0867221977818333, 0.0867221977818333, 0.0867221977818333, 0.0867221977818333, 0.08786997398589835, 0.08786997398589835, 0.08786997398589835, 0.08786997398589835, 0.08786997398589835, 0.08786997398589835, 0.08902465850059214, 0.08902465850059214, 0.08902465850059214, 0.08902465850059214, 0.08902465850059214, 0.08902465850059214, 0.09018607614545744, 0.09018607614545744, 0.09018607614545744, 0.09018607614545744, 0.09018607614545744, 0.09018607614545744, 0.09135404692755135, 0.09135404692755135, 0.09135404692755135, 0.09135404692755135, 0.09135404692755135, 0.09135404692755135, 0.0925283861278944, 0.0925283861278944, 0.0925283861278944, 0.0925283861278944, 0.0925283861278944, 0.0925283861278944, 0.09370890439480227, 0.09370890439480227, 0.09370890439480227, 0.09370890439480227, 0.09370890439480227, 0.09370890439480227, 0.09279448549478819, 0.09279448549478819, 0.09279448549478819, 0.09279448549478819, 0.09279448549478819, 0.09279448549478819, 0.12082708552282688, 0.12046322825253263, 0.12158178634894497, 0.12027375563853422, 0.11899256620518159, 0.11960664588490319, 0.11071271537586591, 0.11071271537586591, 0.11071271537586591, 0.10945038191324688, 0.10945038191324688, 0.10882222488079336, 0.10563010451379472, 0.10563010451379472, 0.10563010451379472, 0.10563010451379472, 0.10563010451379472, 0.10563010451379472, 0.06391971700745046, 0.0670866738288398, 0.0670866738288398, 0.0670866738288398, 0.0670866738288398, 0.06785404479267118, 0.06636221517606164, 0.06636221517606164, 0.06636221517606164, 0.06636221517606164, 0.06642662666427586, 0.06642662666427586, 0.06642662666427586, 0.06642662666427586, 0.06642662666427586, 0.06642662666427586, 0.06642662666427586, 0.06642662666427586, 0.06642662666427586, 0.06642662666427586, 0.06642662666427586, 0.06642662666427586, 0.06642662666427586, 0.06642662666427586, 0.06642662666427586, 0.06642662666427586, 0.06642662666427586, 0.06642662666427586, 0.06642662666427586, 0.06642662666427586, 0.06642662666427586, 0.06642662666427586, 0.06642662666427586, 0.06642662666427586, 0.06642662666427586, 0.06642662666427586, 0.06642662666427586, 0.06642662666427586, 0.06642662666427586, 0.06642662666427586, 0.06642662666427586, 0.06642662666427586, 0.06642662666427586, 0.06642662666427586, 0.06642662666427586, 0.06642662666427586, 0.06642662666427586, 0.06642662666427586, 0.06642662666427586, 0.06642662666427586, 0.06642662666427586, 0.06642662666427586, 0.06642662666427586
Occupy-Asia-South-America, 0.08445945837098895, 0.08445945837098895, 0.08445945837098895, 0.08445945837098895, 0.08445945837098895, 0.08445945837098895, 0.08559298603135368, 0.08559298603135368, 0.08559298603135368, 0.08559298603135368, 0.08559298603135368, 0.08559298603135368, 0.08502244429324028, 0.08502244429324028, 0.08502244429324028, 0.08502244429324028, 0.08502244429324028, 0.08502244429324028, 0.08444804649472756, 0.08444804649472756, 0.08444804649472756, 0.08444804649472756, 0.08444804649472756, 0.08444804649472756, 0.08386987180563664, 0.08386987180563664, 0.08386987180563664, 0.08386987180563664, 0.08386987180563664, 0.08386987180563664, 0.08328800199169825, 0.08328800199169825, 0.08328800199169825, 0.08328800199169825, 0.08328800199169825, 0.08328800199169825, 0.08270252138458875, 0.08270252138458875, 0.08270252138458875, 0.08270252138458875, 0.08270252138458875, 0.08270252138458875, 0.08211351684843571, 0.08211351684843571, 0.08211351684843571, 0.08211351684843571, 0.08211351684843571, 0.08211351684843571, 0.08152107774278507, 0.08152107774278507, 0.08152107774278507, 0.08152107774278507, 0.08152107774278507, 0.08152107774278507, 0.08092529588203154, 0.08092529588203154, 0.08092529588203154, 0.08092529588203154, 0.08092529588203154, 0.08092529588203154, 0.08032626549132106, 0.08032626549132106, 0.08032626549132106, 0.08032626549132106, 0.08032626549132106, 0.08032626549132106, 0.07972408315894201, 0.07972408315894201, 0.07972408315894201, 0.07972408315894201, 0.07972408315894201, 0.07972408315894201, 0.08055727317757466, 0.08055727317757466, 0.08055727317757466, 0.08055727317757466, 0.08055727317757466, 0.08055727317757466, 0.06454959528658447, 0.06564231439164962, 0.06492679892960483, 0.0655652938412779, 0.06619068659970032, 0.06520162974191568, 0.07377078450929934, 0.07377078450929934, 0.07377078450929934, 0.07441801756385681, 0.07441801756385681, 0.07547073503545239, 0.07939088005727973, 0.07939088005727973, 0.07939088005727973, 0.07939088005727973, 0.07939088005727973, 0.07939088005727973, 0.07210239555741625, 0.07122449243226493, 0.07122449243226493, 0.07122449243226493, 0.07122449243226493, 0.06780271688469675, 0.06636845280615462, 0.06636845280615462, 0.06636845280615462, 0.06636845280615462, 0.06778864189354811, 0.06778864189354811, 0.06778864189354811, 0.06778864189354811, 0.06778864189354811, 0.06778864189354811, 0.06778864189354811, 0.06778864189354811, 0.06778864189354811, 0.06778864189354811, 0.06778864189354811, 0.06778864189354811, 0.06778864189354811, 0.06778864189354811, 0.06778864189354811, 0.06778864189354811, 0.06778864189354811, 0.06778864189354811, 0.06778864189354811, 0.06778864189354811, 0.06778864189354811, 0.06778864189354811, 0.06778864189354811, 0.06778864189354811, 0.06778864189354811, 0.06778864189354811, 0.06778864189354811, 0.06778864189354811, 0.06778864189354811, 0.06778864189354811, 0.06778864189354811, 0.06778864189354811, 0.06778864189354811, 0.06778864189354811, 0.06778864189354811, 0.06778864189354811, 0.06778864189354811, 0.06778864189354811, 0.06778864189354811, 0.06778864189354811, 0.06778864189354811, 0.06778864189354811, 0.06778864189354811
Occupy-Europe-South-America-Asia, 0.08445945837098895, 0.08445945837098895, 0.08445945837098895, 0.08445945837098895, 0.08445945837098895, 0.08445945837098895, 0.08559298603135368, 0.08559298603135368, 0.08559298603135368, 0.08559298603135368, 0.08559298603135368, 0.08559298603135368, 0.08502244429324028, 0.08502244429324028, 0.08502244429324028, 0.08502244429324028, 0.08502244429324028, 0.08502244429324028, 0.08444804649472756, 0.08444804649472756, 0.08444804649472756, 0.08444804649472756, 0.08444804649472756, 0.08444804649472756, 0.08386987180563664, 0.08386987180563664, 0.08386987180563664, 0.08386987180563664, 0.08386987180563664, 0.08386987180563664, 0.08328800199169825, 0.08328800199169825, 0.08328800199169825, 0.08328800199169825, 0.08328800199169825, 0.08328800199169825, 0.08270252138458875, 0.08270252138458875, 0.08270252138458875, 0.08270252138458875, 0.08270252138458875, 0.08270252138458875, 0.08211351684843571, 0.08211351684843571, 0.08211351684843571, 0.08211351684843571, 0.08211351684843571, 0.08211351684843571, 0.08152107774278507, 0.08152107774278507, 0.08152107774278507, 0.08152107774278507, 0.08152107774278507, 0.08152107774278507, 0.08092529588203154, 0.08092529588203154, 0.08092529588203154, 0.08092529588203154, 0.08092529588203154, 0.08092529588203154, 0.08032626549132106, 0.08032626549132106, 0.08032626549132106, 0.08032626549132106, 0.08032626549132106, 0.08032626549132106, 0.07972408315894201, 0.07972408315894201, 0.07972408315894201, 0.07972408315894201, 0.07972408315894201, 0.07972408315894201, 0.08055727317757466, 0.08055727317757466, 0.08055727317757466, 0.08055727317757466, 0.08055727317757466, 0.08055727317757466, 0.06293585540441986, 0.06400125653185837, 0.06330362895636471, 0.06392616149524596, 0.06453591943470782, 0.06357158899836779, 0.07192651489656686, 0.07192651489656686, 0.07192651489656686, 0.07255756712476039, 0.07255756712476039, 0.07358396665956607, 0.07740610805584773, 0.07740610805584773, 0.07740610805584773, 0.07740610805584773, 0.07740610805584773, 0.07740610805584773, 0.077224488793983, 0.0762842201728598, 0.0762842201728598, 0.0762842201728598, 0.0762842201728598, 0.07116697867606625, 0.0666405108714654, 0.0666405108714654, 0.0666405108714654, 0.0666405108714654, 0.06670519247483259, 0.06670519247483259, 0.06670519247483259, 0.06670519247483259, 0.06670519247483259, 0.06670519247483259, 0.06670519247483259, 0.06670519247483259, 0.06670519247483259, 0.06670519247483259, 0.06670519247483259, 0.06670519247483259, 0.06670519247483259, 0.06670519247483259, 0.06670519247483259, 0.06670519247483259, 0.06670519247483259, 0.06670519247483259, 0.06670519247483259, 0.06670519247483259, 0.06670519247483259, 0.06670519247483259, 0.06670519247483259, 0.06670519247483259, 0.06670519247483259, 0.06670519247483259, 0.06670519247483259, 0.06670519247483259, 0.06670519247483259, 0.06670519247483259, 0.06670519247483259, 0.06670519247483259, 0.06670519247483259, 0.06670519247483259, 0.06670519247483259, 0.06670519247483259, 0.06670519247483259, 0.06670519247483259, 0.06670519247483259, 0.06670519247483259, 0.06670519247483259, 0.06670519247483259, 0.06670519247483259
Occupy-North-America-Africa, 0.0827702708145055, 0.0827702708145055, 0.0827702708145055, 0.0827702708145055, 0.0827702708145055, 0.0827702708145055, 0.08220350698432313, 0.08220350698432313, 0.08220350698432313, 0.08220350698432313, 0.08220350698432313, 0.08220350698432313, 0.0833219970290499, 0.0833219970290499, 0.0833219970290499, 0.0833219970290499, 0.0833219970290499, 0.0833219970290499, 0.08444804649472755, 0.08444804649472755, 0.08444804649472755, 0.08444804649472755, 0.08444804649472755, 0.08444804649472755, 0.08558150017683579, 0.08558150017683579, 0.08558150017683579, 0.08558150017683579, 0.08558150017683579, 0.08558150017683579, 0.0867221977818333, 0.0867221977818333, 0.0867221977818333, 0.0867221977818333, 0.0867221977818333, 0.0867221977818333, 0.08786997398589835, 0.08786997398589835, 0.08786997398589835, 0.08786997398589835, 0.08786997398589835, 0.08786997398589835, 0.08902465850059214, 0.08902465850059214, 0.08902465850059214, 0.08902465850059214, 0.08902465850059214, 0.08902465850059214, 0.09018607614545744, 0.09018607614545744, 0.09018607614545744, 0.09018607614545744, 0.09018607614545744, 0.09018607614545744, 0.09135404692755135, 0.09135404692755135, 0.09135404692755135, 0.09135404692755135, 0.09135404692755135, 0.09135404692755135, 0.0925283861278944, 0.0925283861278944, 0.0925283861278944, 0.0925283861278944, 0.0925283861278944, 0.0925283861278944, 0.09370890439480227, 0.09370890439480227, 0.09370890439480227, 0.09370890439480227, 0.09370890439480227, 0.09370890439480227, 0.09279448549478819, 0.09279448549478819, 0.09279448549478819, 0.09279448549478819, 0.09279448549478819, 0.09279448549478819, 0.11339157256757602, 0.11078910653989661, 0.11181783583689588, 0.11061485003089241, 0.10943654994140839, 0.11000131431015037, 0.10182163467663988, 0.10182163467663988, 0.10182163467663988, 0.10066067627873113, 0.10066067627873113, 0.10008296507671695, 0.09714719647282226, 0.09714719647282226, 0.09714719647282226, 0.09714719647282226, 0.09714719647282226, 0.09714719647282226, 0.05439132880546519, 0.055944470736262825, 0.055944470736262825, 0.055944470736262825, 0.055944470736262825, 0.05773917398083532, 0.0660815971935316, 0.0660815971935316, 0.0660815971935316, 0.0660815971935316, 0.06614573631256968, 0.06614573631256968, 0.06614573631256968, 0.06614573631256968, 0.06614573631256968, 0.06614573631256968, 0.06614573631256968, 0.06614573631256968, 0.06614573631256968, 0.06614573631256968, 0.06614573631256968, 0.06614573631256968, 0.06614573631256968, 0.06614573631256968, 0.06614573631256968, 0.06614573631256968, 0.06614573631256968, 0.06614573631256968, 0.06614573631256968, 0.06614573631256968, 0.06614573631256968, 0.06614573631256968, 0.06614573631256968, 0.06614573631256968, 0.06614573631256968, 0.06614573631256968, 0.06614573631256968, 0.06614573631256968, 0.06614573631256968, 0.06614573631256968, 0.06614573631256968, 0.06614573631256968, 0.06614573631256968, 0.06614573631256968, 0.06614573631256968, 0.06614573631256968, 0.06614573631256968, 0.06614573631256968, 0.06614573631256968, 0.06614573631256968, 0.06614573631256968, 0.06614573631256968, 0.06614573631256968
fred
LOSER
Conquer the continents of ASIA and SOUTH AMERICA., Turn 1, Turn 2, Turn 3, Turn 4, Turn 5, Turn 6, Turn 7, Turn 8, Turn 9, Turn 10, Turn 11, Turn 12, Turn 13, Turn 14, Turn 15, Turn 16, Turn 17, Turn 18, Turn 19, Turn 20, Turn 21, Turn 22, Turn 23, Turn 24, Turn 25, Turn 26, Turn 27, Turn 28, Turn 29, Turn 30, Turn 31, Turn 32, Turn 33, Turn 34, Turn 35, Turn 36, Turn 37, Turn 38, Turn 39, Turn 40, Turn 41, Turn 42, Turn 43, Turn 44, Turn 45, Turn 46, Turn 47, Turn 48, Turn 49, Turn 50, Turn 51, Turn 52, Turn 53, Turn 54, Turn 55, Turn 56, Turn 57, Turn 58, Turn 59, Turn 60, Turn 61, Turn 62, Turn 63, Turn 64, Turn 65, Turn 66, Turn 67, Turn 68, Turn 69, Turn 70, Turn 71, Turn 72, Turn 73, Turn 74, Turn 75, Turn 76, Turn 77, Turn 78, Turn 79, Turn 80, Turn 81, Turn 82, Turn 83, Turn 84, Turn 85, Turn 86, Turn 87, Turn 88, Turn 89, Turn 90, Turn 91, Turn 92, Turn 93, Turn 94, Turn 95, Turn 96, Turn 97, Turn 98, Turn 99, Turn 100, Turn 101, Turn 102, Turn 103, Turn 104, Turn 105, Turn 106, Turn 107, Turn 108, Turn 109, Turn 110, Turn 111, Turn 112, Turn 113, Turn 114, Turn 115, Turn 116, Turn 117, Turn 118, Turn 119, Turn 120, Turn 121, Turn 122, Turn 123, Turn 124, Turn 125, Turn 126, Turn 127, Turn 128, Turn 129, Turn 130, Turn 131, Turn 132, Turn 133, Turn 134, Turn 135, Turn 136, Turn 137, Turn 138, Turn 139, Turn 140, Turn 141, Turn 142, Turn 143, Turn 144, Turn 145, Turn 146, Turn 147, Turn 148, Turn 149
Occupy-Europe-Australia-Asia, 0.08333333333333333, 0.0827702708145055, 0.0827702708145055, 0.0827702708145055, 0.0827702708145055, 0.0827702708145055, 0.0827702708145055, 0.08220350698432313, 0.08220350698432313, 0.08220350698432313, 0.08220350698432313, 0.08220350698432313, 0.08220350698432313, 0.08163312201511416, 0.08163312201511416, 0.08163312201511416, 0.08163312201511416, 0.08163312201511416, 0.08163312201511416, 0.08105919859403225, 0.08105919859403225, 0.08105919859403225, 0.08105919859403225, 0.08105919859403225, 0.08105919859403225, 0.08048182189019053, 0.08048182189019053, 0.08048182189019053, 0.08048182189019053, 0.08048182189019053, 0.08048182189019053, 0.07990107951832676, 0.07990107951832676, 0.07990107951832676, 0.07990107951832676, 0.07990107951832676, 0.07990107951832676, 0.07931706149900246, 0.07931706149900246, 0.07931706149900246, 0.07931706149900246, 0.07931706149900246, 0.07931706149900246, 0.07872986021534302, 0.07872986021534302, 0.07872986021534302, 0.07872986021534302, 0.07872986021534302, 0.07872986021534302, 0.07813957036633759, 0.07813957036633759, 0.07813957036633759, 0.07813957036633759, 0.07813957036633759, 0.07813957036633759, 0.07754628891672169, 0.07754628891672169, 0.07754628891672169, 0.07754628891672169, 0.07754628891672169, 0.07754628891672169, 0.07695011504347733, 0.07695011504347733, 0.07695011504347733, 0.07695011504347733, 0.07695011504347733, 0.07695011504347733, 0.07635115007899067, 0.07635115007899067, 0.07635115007899067, 0.07635115007899067, 0.07635115007899067, 0.07635115007899067, 0.07574949745091736, 0.07574949745091736, 0.07574949745091736, 0.07574949745091736, 0.07574949745091736, 0.07574949745091736, 0.017699916663100418, 0.017725603268111425, 0.017827117590785264, 0.01765927606901888, 0.01740212925703286, 0.01740212925703286, 0.013791029632098474, 0.013791029632098474, 0.013791029632098474, 0.013791029632098474, 0.013795497782954007, 0.013795497782954007, 0.010293934847995569, 0.010385457685379067, 0.010385457685379067, 0.010385457685379067, 0.010385457685379067, 0.0105528536240828, 0.005973626523662685, 0.005973626523662685, 0.006037715030743175, 0.006037715030743175, 0.006037715030743175, 0.00613367294962059, 0.0051836878032174615, 0.0051836878032174615, 0.0051836878032174615, 0.0051836878032174615, 0.0050996169620009715, 0.005322204137207677, 0.005237626100449488, 0.005237626100449488, 0.00539663879557793, 0.00539663879557793, 0.004471224440362551, 0.004547412693343977, 0.004547412693343977, 0.004547412693343977, 0.004547412693343977, 0.0036301669470104963, 0.0036301669470104963, 0.0036301669470104963, 0.0036301669470104963, 0.0036301669470104963, 0.0030771753851498436, 0.0030771753851498436, 0.0030771753851498436, 0.0030771753851498436, 0.0029595412358122903, 0.0029595412358122903, 0.0029605366477962604, 0.0031600138360647163, 0.0027963058508369827, 0.0027963058508369827, 0.0027963058508369827, 0.0027766291700588924, 0.0025124594985560696, 0.0025124594985560696, 0.0025124594985560696, 0.0025235551507946097, 0.0026695404646571944, 0.0026695404646571944, 0.0026695404646571944, 0.00265097315570765, 0.0015465073657414505, 0.001520821358650304, 0.0015310494526175693, 0.0015290749349309077, 0.0016300512316923404, 0.0013248481427854248
Occupy-Europe-South-America-North-America, 0.08333333333333333, 0.0827702708145055, 0.0827702708145055, 0.0827702708145055, 0.0827702708145055, 0.0827702708145055, 0.0827702708145055, 0.08220350698432313, 0.08220350698432313, 0.08220350698432313, 0.08220350698432313, 0.08220350698432313, 0.08220350698432313, 0.08163312201511416, 0.08163312201511416, 0.08163312201511416, 0.08163312201511416, 0.08163312201511416, 0.08163312201511416, 0.08105919859403225, 0.08105919859403225, 0.08105919859403225, 0.08105919859403225, 0.08105919859403225, 0.08105919859403225, 0.08048182189019053, 0.08048182189019053, 0.08048182189019053, 0.08048182189019053, 0.08048182189019053, 0.08048182189019053, 0.07990107951832676, 0.07990107951832676, 0.07990107951832676, 0.07990107951832676, 0.07990107951832676, 0.07990107951832676, 0.07931706149900246, 0.07931706149900246, 0.07931706149900246, 0.07931706149900246, 0.07931706149900246, 0.07931706149900246, 0.07872986021534302, 0.07872986021534302, 0.07872986021534302, 0.07872986021534302, 0.07872986021534302, 0.07872986021534302, 0.07813957036633759, 0.07813957036633759, 0.07813957036633759, 0.07813957036633759, 0.07813957036633759, 0.07813957036633759, 0.07754628891672169, 0.07754628891672169, 0.07754628891672169, 0.07754628891672169, 0.07754628891672169, 0.07754628891672169, 0.07695011504347733, 0.07695011504347733, 0.07695011504347733, 0.07695011504347733, 0.07695011504347733, 0.07695011504347733, 0.07635115007899067, 0.07635115007899067, 0.07635115007899067, 0.07635115007899067, 0.07635115007899067, 0.07635115007899067, 0.07574949745091736, 0.07574949745091736, 0.07574949745091736, 0.07574949745091736, 0.07574949745091736, 0.07574949745091736, 0.02662029706254177, 0.027202988418000826, 0.026811604544156115, 0.026559174476043713, 0.026706561884934678, 0.026706561884934678, 0.022105361810320613, 0.022105361810320613, 0.022105361810320613, 0.022105361810320613, 0.022112523718743664, 0.022112523718743664, 0.02681379054230623, 0.0264899426236267, 0.0264899426236267, 0.0264899426236267, 0.0264899426236267, 0.026916915506866385, 0.03035115348291507, 0.03035115348291507, 0.030063243166671996, 0.030063243166671996, 0.030063243166671996, 0.030541040849121483, 0.027482698753421655, 0.027482698753421655, 0.027482698753421655, 0.027482698753421655, 0.02758874930185024, 0.025503899155563028, 0.025610818727418903, 0.025610818727418903, 0.024836510255302972, 0.024836510255302972, 0.021426110117122053, 0.02179120426969356, 0.02179120426969356, 0.02179120426969356, 0.02179120426969356, 0.024526116926519455, 0.024526116926519455, 0.024526116926519455, 0.024526116926519455, 0.024526116926519455, 0.021647227318614484, 0.021647227318614484, 0.021647227318614484, 0.021647227318614484, 0.02124458927585859, 0.02124458927585859, 0.02125173468018809, 0.020922677673787415, 0.018120614678130708, 0.018120614678130708, 0.018120614678130708, 0.01799310589706599, 0.018419319616699053, 0.018419319616699053, 0.018419319616699053, 0.018130651032485276, 0.01881065590903538, 0.01881065590903538, 0.01881065590903538, 0.01867982318166877, 0.019286347377651204, 0.018966019607814067, 0.019093573202212475, 0.01908391658510388, 0.01914777197873713, 0.021129823312984616
Occupy-Europe-South-America-Africa, 0.08333333333333333, 0.08445945837098895, 0.08445945837098895, 0.08445945837098895, 0.08445945837098895, 0.08445945837098895, 0.08445945837098895, 0.08559298603135368, 0.08559298603135368, 0.08559298603135368, 0.08559298603135368, 0.08559298603135368, 0.08559298603135368, 0.08673375596977172, 0.08673375596977172, 0.08673375596977172, 0.08673375596977172, 0.08673375596977172, 0.08673375596977172, 0.08788160281193548, 0.08788160281193548, 0.08788160281193548, 0.08788160281193548, 0.08788160281193548, 0.08788160281193548, 0.089036356219619, 0.089036356219619, 0.089036356219619, 0.089036356219619, 0.089036356219619, 0.089036356219619, 0.09019784096334642, 0.09019784096334642, 0.09019784096334642, 0.09019784096334642, 0.09019784096334642, 0.09019784096334642, 0.09136587700199511, 0.09136587700199511, 0.09136587700199511, 0.09136587700199511, 0.09136587700199511, 0.09136587700199511, 0.0925402795693139, 0.0925402795693139, 0.0925402795693139, 0.0925402795693139, 0.0925402795693139, 0.0925402795693139, 0.09372085926732486, 0.09372085926732486, 0.09372085926732486, 0.09372085926732486, 0.09372085926732486, 0.09372085926732486, 0.09490742216655662, 0.09490742216655662, 0.09490742216655662, 0.09490742216655662, 0.09490742216655662, 0.09490742216655662, 0.0960997699130453, 0.0960997699130453, 0.0960997699130453, 0.0960997699130453, 0.0960997699130453, 0.0960997699130453, 0.09729769984201866, 0.09729769984201866, 0.09729769984201866, 0.09729769984201866, 0.09729769984201866, 0.09729769984201866, 0.09850100509816528, 0.09850100509816528, 0.09850100509816528, 0.09850100509816528, 0.09850100509816528, 0.09850100509816528, 0.21326862412878325, 0.2135781254113886, 0.21480128483852584, 0.21277894026481256, 0.21395973512349625, 0.21395973512349625, 0.22093233784946084, 0.22093233784946084, 0.22093233784946084, 0.22093233784946084, 0.22091551624170092, 0.22091551624170092, 0.26881301413350334, 0.26556638121139736, 0.26556638121139736, 0.26556638121139736, 0.26556638121139736, 0.26444992816761964, 0.35093120383440524, 0.35093120383440524, 0.3476022788255946, 0.3476022788255946, 0.3476022788255946, 0.34606422313555774, 0.35802611902737375, 0.35802611902737375, 0.35802611902737375, 0.35802611902737375, 0.35940767426018666, 0.34549648806024547, 0.3469449072355171, 0.3469449072355171, 0.33645549711984873, 0.33645549711984873, 0.3414667089521093, 0.34033949662434754, 0.34033949662434754, 0.34033949662434754, 0.34033949662434754, 0.39102774618897895, 0.39102774618897895, 0.39102774618897895, 0.39102774618897895, 0.39102774618897895, 0.4057030674499666, 0.4057030674499666, 0.4057030674499666, 0.4057030674499666, 0.4665333412185016, 0.4665333412185016, 0.46650357927836067, 0.4500947462672384, 0.4501875961175027, 0.4501875961175027, 0.4501875961175027, 0.44701977468037035, 0.457791713648858, 0.457791713648858, 0.457791713648858, 0.45061717688019226, 0.45835092370063835, 0.45835092370063835, 0.45835092370063835, 0.45516298056198595, 0.5001382233181592, 0.5018687720085515, 0.5052440277084682, 0.5258105786765294, 0.517018568554803, 0.538043330784107
Occupy-Asia-Africa, 0.08333333333333333, 0.08445945837098895, 0.08445945837098895, 0.08445945837098895, 0.08445945837098895, 0.08445945837098895, 0.08445945837098895, 0.08559298603135368, 0.08559298603135368, 0.08559298603135368, 0.08559298603135368, 0.08559298603135368, 0.08559298603135368, 0.08673375596977172, 0.08673375596977172, 0.08673375596977172, 0.08673375596977172, 0.08673375596977172, 0.08673375596977172, 0.08788160281193548, 0.08788160281193548, 0.08788160281193548, 0.08788160281193548, 0.08788160281193548, 0.08788160281193548, 0.089036356219619, 0.089036356219619, 0.089036356219619, 0.089036356219619, 0.089036356219619, 0.089036356219619, 0.09019784096334642, 0.09019784096334642, 0.09019784096334642, 0.09019784096334642, 0.09019784096334642, 0.09019784096334642, 0.09136587700199511, 0.09136587700199511, 0.09136587700199511, 0.09136587700199511, 0.09136587700199511, 0.09136587700199511, 0.0925402795693139, 0.0925402795693139, 0.0925402795693139, 0.0925402795693139, 0.0925402795693139, 0.0925402795693139, 0.09372085926732486, 0.09372085926732486, 0.09372085926732486, 0.09372085926732486, 0.09372085926732486, 0.09372085926732486, 0.09490742216655662, 0.09490742216655662, 0.09490742216655662, 0.09490742216655662, 0.09490742216655662, 0.09490742216655662, 0.0960997699130453, 0.0960997699130453, 0.0960997699130453, 0.0960997699130453, 0.0960997699130453, 0.0960997699130453, 0.09729769984201866, 0.09729769984201866, 0.09729769984201866, 0.09729769984201866, 0.09729769984201866, 0.09729769984201866, 0.09850100509816528, 0.09850100509816528, 0.09850100509816528, 0.09850100509816528, 0.09850100509816528, 0.09850100509816528, 0.18864236550608354, 0.18891612848606404, 0.1899980489451509, 0.19205022660681115, 0.18925367349103678, 0.18925367349103678, 0.1954211455105771, 0.1954211455105771, 0.1954211455105771, 0.1954211455105771, 0.19540626630416588, 0.19540626630416588, 0.16524348753755722, 0.16671265875943717, 0.16671265875943717, 0.16671265875943717, 0.16671265875943717, 0.1660117912231955, 0.12793250222910638, 0.12793250222910638, 0.12930503582196778, 0.12930503582196778, 0.12930503582196778, 0.12873289243220543, 0.12805634234753357, 0.12805634234753357, 0.12805634234753357, 0.12805634234753357, 0.12597948030781317, 0.14237969466418848, 0.14011706160117984, 0.14011706160117984, 0.14437097189782544, 0.14437097189782544, 0.14925199158408145, 0.14875929733176954, 0.14875929733176954, 0.14875929733176954, 0.14875929733176954, 0.13428068532418047, 0.13428068532418047, 0.13428068532418047, 0.13428068532418047, 0.13428068532418047, 0.13637631771346154, 0.13637631771346154, 0.13637631771346154, 0.13637631771346154, 0.11176729012892672, 0.11176729012892672, 0.11176016006746137, 0.11690461122479098, 0.12375736751676708, 0.12375736751676708, 0.12375736751676708, 0.12539441367484072, 0.12333079783619176, 0.12333079783619176, 0.12333079783619176, 0.12645410726823164, 0.12106024609700393, 0.12106024609700393, 0.12106024609700393, 0.12267167351163347, 0.11454638657602485, 0.11494273320588884, 0.11344683172131162, 0.1067639562806803, 0.10935107687700032, 0.09677311544835789
Occupy-Europe-South-America-Australia, 0.08333333333333333, 0.0827702708145055, 0.0827702708145055, 0.0827702708145055, 0.0827702708145055, 0.0827702708145055, 0.0827702708145055, 0.08220350698432313, 0.08220350698432313, 0.08220350698432313, 0.08220350698432313, 0.08220350698432313, 0.08220350698432313, 0.08163312201511416, 0.08163312201511416, 0.08163312201511416, 0.08163312201511416, 0.08163312201511416, 0.08163312201511416, 0.08105919859403225, 0.08105919859403225, 0.08105919859403225, 0.08105919859403225, 0.08105919859403225, 0.08105919859403225, 0.08048182189019053, 0.08048182189019053, 0.08048182189019053, 0.08048182189019053, 0.08048182189019053, 0.08048182189019053, 0.07990107951832676, 0.07990107951832676, 0.07990107951832676, 0.07990107951832676, 0.07990107951832676, 0.07990107951832676, 0.07931706149900246, 0.07931706149900246, 0.07931706149900246, 0.07931706149900246, 0.07931706149900246, 0.07931706149900246, 0.07872986021534302, 0.07872986021534302, 0.07872986021534302, 0.07872986021534302, 0.07872986021534302, 0.07872986021534302, 0.07813957036633759, 0.07813957036633759, 0.07813957036633759, 0.07813957036633759, 0.07813957036633759, 0.07813957036633759, 0.07754628891672169, 0.07754628891672169, 0.07754628891672169, 0.07754628891672169, 0.07754628891672169, 0.07754628891672169, 0.07695011504347733, 0.07695011504347733, 0.07695011504347733, 0.07695011504347733, 0.07695011504347733, 0.07695011504347733, 0.07635115007899067, 0.07635115007899067, 0.07635115007899067, 0.07635115007899067, 0.07635115007899067, 0.07635115007899067, 0.07574949745091736, 0.07574949745091736, 0.07574949745091736, 0.07574949745091736, 0.07574949745091736, 0.07574949745091736, 0.033617804495187094, 0.03366659157604411, 0.033859399752380046, 0.03354061500484053, 0.03372674520036418, 0.03372674520036418, 0.02791605705559233, 0.02791605705559233, 0.02791605705559233, 0.02791605705559233, 0.027925101569130736, 0.027925101569130736, 0.033862160369899245, 0.0334531846176466, 0.0334531846176466, 0.0334531846176466, 0.0334531846176466, 0.03399239313510885, 0.0405401471952481, 0.0405401471952481, 0.0401555843282686, 0.0401555843282686, 0.0401555843282686, 0.040793780447798425, 0.0367087416764421, 0.0367087416764421, 0.0367087416764421, 0.0367087416764421, 0.03685039378353094, 0.03406565178490821, 0.03420846464978104, 0.03420846464978104, 0.033174217979328215, 0.033174217979328215, 0.028618933987424065, 0.02910659158810487, 0.02910659158810487, 0.02910659158810487, 0.02910659158810487, 0.03472469319843356, 0.03472469319843356, 0.03472469319843356, 0.03472469319843356, 0.03472469319843356, 0.031300788648411126, 0.031300788648411126, 0.031300788648411126, 0.031300788648411126, 0.03319968871769047, 0.03319968871769047, 0.03321085509970055, 0.0326966258039009, 0.02831774052562092, 0.02831774052562092, 0.02831774052562092, 0.028118477937620158, 0.028784537546271017, 0.028784537546271017, 0.028784537546271017, 0.028333424699887855, 0.029396092936718837, 0.029396092936718837, 0.029396092936718837, 0.02919163589750491, 0.031947373557585326, 0.03141675826151771, 0.03162804774257211, 0.03223189593977776, 0.032339744891726495, 0.03637363748590902
Occupy-Europe-Australia-South-America, 0.08333333333333333, 0.0827702708145055, 0.0827702708145055, 0.0827702708145055, 0.0827702708145055, 0.0827702708145055, 0.0827702708145055, 0.08220350698432313, 0.08220350698432313, 0.08220350698432313, 0.08220350698432313, 0.08220350698432313, 0.08220350698432313, 0.08163312201511416, 0.08163312201511416, 0.08163312201511416, 0.08163312201511416, 0.08163312201511416, 0.08163312201511416, 0.08105919859403225, 0.08105919859403225, 0.08105919859403225, 0.08105919859403225, 0.08105919859403225, 0.08105919859403225, 0.08048182189019053, 0.08048182189019053, 0.08048182189019053, 0.08048182189019053, 0.08048182189019053, 0.08048182189019053, 0.07990107951832676, 0.07990107951832676, 0.07990107951832676, 0.07990107951832676, 0.07990107951832676, 0.07990107951832676, 0.07931706149900246, 0.07931706149900246, 0.07931706149900246, 0.07931706149900246, 0.07931706149900246, 0.07931706149900246, 0.07872986021534302, 0.07872986021534302, 0.07872986021534302, 0.07872986021534302, 0.07872986021534302, 0.07872986021534302, 0.07813957036633759, 0.07813957036633759, 0.07813957036633759, 0.07813957036633759, 0.07813957036633759, 0.07813957036633759, 0.07754628891672169, 0.07754628891672169, 0.07754628891672169, 0.07754628891672169, 0.07754628891672169, 0.07754628891672169, 0.07695011504347733, 0.07695011504347733, 0.07695011504347733, 0.07695011504347733, 0.07695011504347733, 0.07695011504347733, 0.07635115007899067, 0.07635115007899067, 0.07635115007899067, 0.07635115007899067, 0.07635115007899067, 0.07635115007899067, 0.07574949745091736, 0.07574949745091736, 0.07574949745091736, 0.07574949745091736, 0.07574949745091736, 0.07574949745091736, 0.033617804495187094, 0.03366659157604411, 0.033859399752380046, 0.03354061500484053, 0.03372674520036418, 0.03372674520036418, 0.02791605705559233, 0.02791605705559233, 0.02791605705559233, 0.02791605705559233, 0.027925101569130736, 0.027925101569130736, 0.033862160369899245, 0.0334531846176466, 0.0334531846176466, 0.0334531846176466, 0.0334531846176466, 0.03399239313510885, 0.0405401471952481, 0.0405401471952481, 0.0401555843282686, 0.0401555843282686, 0.0401555843282686, 0.040793780447798425, 0.0367087416764421, 0.0367087416764421, 0.0367087416764421, 0.0367087416764421, 0.03685039378353094, 0.03406565178490821, 0.03420846464978104, 0.03420846464978104, 0.033174217979328215, 0.033174217979328215, 0.028618933987424065, 0.02910659158810487, 0.02910659158810487, 0.02910659158810487, 0.02910659158810487, 0.03472469319843356, 0.03472469319843356, 0.03472469319843356, 0.03472469319843356, 0.03472469319843356, 0.031300788648411126, 0.031300788648411126, 0.031300788648411126, 0.031300788648411126, 0.03319968871769047, 0.03319968871769047, 0.03321085509970055, 0.0326966258039009, 0.02831774052562092, 0.02831774052562092, 0.02831774052562092, 0.028118477937620158, 0.028784537546271017, 0.028784537546271017, 0.028784537546271017, 0.028333424699887855, 0.029396092936718837, 0.029396092936718837, 0.029396092936718837, 0.02919163589750491, 0.031947373557585326, 0.03141675826151771, 0.03162804774257211, 0.03223189593977776, 0.032339744891726495, 0.03637363748590902
Occupy-North-America-Australia, 0.08333333333333333, 0.0827702708145055, 0.0827702708145055, 0.0827702708145055, 0.0827702708145055, 0.0827702708145055, 0.0827702708145055, 0.08220350698432313, 0.08220350698432313, 0.08220350698432313, 0.08220350698432313, 0.08220350698432313, 0.08220350698432313, 0.08163312201511416, 0.08163312201511416, 0.08163312201511416, 0.08163312201511416, 0.08163312201511416, 0.08163312201511416, 0.08105919859403225, 0.08105919859403225, 0.08105919859403225, 0.08105919859403225, 0.08105919859403225, 0.08105919859403225, 0.08048182189019053, 0.08048182189019053, 0.08048182189019053, 0.08048182189019053, 0.08048182189019053, 0.08048182189019053, 0.07990107951832676, 0.07990107951832676, 0.07990107951832676, 0.07990107951832676, 0.07990107951832676, 0.07990107951832676, 0.07931706149900246, 0.07931706149900246, 0.07931706149900246, 0.07931706149900246, 0.07931706149900246, 0.07931706149900246, 0.07872986021534302, 0.07872986021534302, 0.07872986021534302, 0.07872986021534302, 0.07872986021534302, 0.07872986021534302, 0.07813957036633759, 0.07813957036633759, 0.07813957036633759, 0.07813957036633759, 0.07813957036633759, 0.07813957036633759, 0.07754628891672169, 0.07754628891672169, 0.07754628891672169, 0.07754628891672169, 0.07754628891672169, 0.07754628891672169, 0.07695011504347733, 0.07695011504347733, 0.07695011504347733, 0.07695011504347733, 0.07695011504347733, 0.07695011504347733, 0.07635115007899067, 0.07635115007899067, 0.07635115007899067, 0.07635115007899067, 0.07635115007899067, 0.07635115007899067, 0.07574949745091736, 0.07574949745091736, 0.07574949745091736, 0.07574949745091736, 0.07574949745091736, 0.07574949745091736, 0.033985426345518294, 0.03403474692929753, 0.03354507090937547, 0.03390739276247461, 0.03409555835346529, 0.03409555835346529, 0.03002268979275444, 0.03002268979275444, 0.03002268979275444, 0.03002268979275444, 0.030032416833494797, 0.030032416833494797, 0.028778678035917656, 0.029034547760069473, 0.029034547760069473, 0.029034547760069473, 0.029034547760069473, 0.029502535356223047, 0.023848802788049354, 0.023848802788049354, 0.024104666484965908, 0.024104666484965908, 0.024104666484965908, 0.024487764001055005, 0.022494664790316705, 0.022494664790316705, 0.022494664790316705, 0.022494664790316705, 0.0225814674569374, 0.022207459422742822, 0.022300559385183997, 0.022300559385183997, 0.02297759741399741, 0.02297759741399741, 0.020878925638769467, 0.021234695940565804, 0.021234695940565804, 0.021234695940565804, 0.021234695940565804, 0.01878458349812761, 0.01878458349812761, 0.01878458349812761, 0.01878458349812761, 0.01878458349812761, 0.016600663400813613, 0.016600663400813613, 0.016600663400813613, 0.016600663400813613, 0.012548896627095794, 0.012548896627095794, 0.012553117322498536, 0.013398930377830921, 0.012361297201422934, 0.012361297201422934, 0.012361297201422934, 0.012524810812761298, 0.012318690243687777, 0.012318690243687777, 0.012318690243687777, 0.0126306567768127, 0.012338673453983326, 0.012338673453983326, 0.012338673453983326, 0.012502912973602166, 0.01101393363089215, 0.010831002735371405, 0.010690044602400264, 0.009661931911221095, 0.010098021568935618, 0.00950279940868445
Occupy-Europe-Australia-North-America, 0.08333333333333333, 0.0827702708145055, 0.0827702708145055, 0.0827702708145055, 0.0827702708145055, 0.0827702708145055, 0.0827702708145055, 0.08220350698432313, 0.08220350698432313, 0.08220350698432313, 0.08220350698432313, 0.08220350698432313, 0.08220350698432313, 0.08163312201511416, 0.08163312201511416, 0.08163312201511416, 0.08163312201511416, 0.08163312201511416, 0.08163312201511416, 0.08105919859403225, 0.08105919859403225, 0.08105919859403225, 0.08105919859403225, 0.08105919859403225, 0.08105919859403225, 0.08048182189019053, 0.08048182189019053, 0.08048182189019053, 0.08048182189019053, 0.08048182189019053, 0.08048182189019053, 0.07990107951832676, 0.07990107951832676, 0.07990107951832676, 0.07990107951832676, 0.07990107951832676, 0.07990107951832676, 0.07931706149900246, 0.07931706149900246, 0.07931706149900246, 0.07931706149900246, 0.07931706149900246, 0.07931706149900246, 0.07872986021534302, 0.07872986021534302, 0.07872986021534302, 0.07872986021534302, 0.07872986021534302, 0.07872986021534302, 0.07813957036633759, 0.07813957036633759, 0.07813957036633759, 0.07813957036633759, 0.07813957036633759, 0.07813957036633759, 0.07754628891672169, 0.07754628891672169, 0.07754628891672169, 0.07754628891672169, 0.07754628891672169, 0.07754628891672169, 0.07695011504347733, 0.07695011504347733, 0.07695011504347733, 0.07695011504347733, 0.07695011504347733, 0.07695011504347733, 0.07635115007899067, 0.07635115007899067, 0.07635115007899067, 0.07635115007899067, 0.07635115007899067, 0.07635115007899067, 0.07574949745091736, 0.07574949745091736, 0.07574949745091736, 0.07574949745091736, 0.07574949745091736, 0.07574949745091736, 0.01986106797080607, 0.019889890897929023, 0.019603724450685717, 0.0194191562540978, 0.019526920865747227, 0.019526920865747227, 0.01650656822847991, 0.01650656822847991, 0.01650656822847991, 0.01650656822847991, 0.01651191618573325, 0.01651191618573325, 0.013998829757160554, 0.014123292621783539, 0.014123292621783539, 0.014123292621783539, 0.014123292621783539, 0.014350936111134934, 0.009434855945797791, 0.009434855945797791, 0.009536078516323496, 0.009536078516323496, 0.009536078516323496, 0.009687636223836796, 0.008721160775121103, 0.008721160775121103, 0.008721160775121103, 0.008721160775121103, 0.008754814088845262, 0.008265419058453634, 0.008300070037174529, 0.008300070037174529, 0.008552057575241193, 0.008552057575241193, 0.007310910314697373, 0.007435485918541476, 0.007435485918541476, 0.007435485918541476, 0.007435485918541476, 0.005572389248716403, 0.005572389248716403, 0.005572389248716403, 0.005572389248716403, 0.005572389248716403, 0.004723534559958671, 0.004723534559958671, 0.004723534559958671, 0.004723534559958671, 0.004542963451627053, 0.004542963451627053, 0.004544491431777412, 0.004850693475787181, 0.0042923934041542875, 0.0042923934041542875, 0.0042923934041542875, 0.004262189249354038, 0.0038566827647193488, 0.0038566827647193488, 0.0038566827647193488, 0.003873714844550404, 0.004097805638531181, 0.004097805638531181, 0.004097805638531181, 0.004069304394847818, 0.00221915342209686, 0.0021822954078390398, 0.002196972162849581, 0.0021519438603893226, 0.002294052868193073, 0.0018239920933474498
Occupy-Europe-Australia-Africa, 0.08333333333333333, 0.08445945837098895, 0.08445945837098895, 0.08445945837098895, 0.08445945837098895, 0.08445945837098895, 0.08445945837098895, 0.08559298603135368, 0.08559298603135368, 0.08559298603135368, 0.08559298603135368, 0.08559298603135368, 0.08559298603135368, 0.08673375596977172, 0.08673375596977172, 0.08673375596977172, 0.08673375596977172, 0.08673375596977172, 0.08673375596977172, 0.08788160281193548, 0.08788160281193548, 0.08788160281193548, 0.08788160281193548, 0.08788160281193548, 0.08788160281193548, 0.089036356219619, 0.089036356219619, 0.089036356219619, 0.089036356219619, 0.089036356219619, 0.089036356219619, 0.09019784096334642, 0.09019784096334642, 0.09019784096334642, 0.09019784096334642, 0.09019784096334642, 0.09019784096334642, 0.09136587700199511, 0.09136587700199511, 0.09136587700199511, 0.09136587700199511, 0.09136587700199511, 0.09136587700199511, 0.0925402795693139, 0.0925402795693139, 0.0925402795693139, 0.0925402795693139, 0.0925402795693139, 0.0925402795693139, 0.09372085926732486, 0.09372085926732486, 0.09372085926732486, 0.09372085926732486, 0.09372085926732486, 0.09372085926732486, 0.09490742216655662, 0.09490742216655662, 0.09490742216655662, 0.09490742216655662, 0.09490742216655662, 0.09490742216655662, 0.0960997699130453, 0.0960997699130453, 0.0960997699130453, 0.0960997699130453, 0.0960997699130453, 0.0960997699130453, 0.09729769984201866, 0.09729769984201866, 0.09729769984201866, 0.09729769984201866, 0.09729769984201866, 0.09729769984201866, 0.09850100509816528, 0.09850100509816528, 0.09850100509816528, 0.09850100509816528, 0.09850100509816528, 0.09850100509816528, 0.1651604567220566, 0.16209214242384717, 0.16302044222837403, 0.16148561199217348, 0.16238175979775255, 0.16238175979775255, 0.17083717079600005, 0.17083717079600005, 0.17083717079600005, 0.17083717079600005, 0.1708241633933449, 0.1708241633933449, 0.14445586136354135, 0.1457402108862356, 0.1457402108862356, 0.1457402108862356, 0.1457402108862356, 0.14512751246671987, 0.11183859697767749, 0.11183859697767749, 0.113038465882418, 0.113038465882418, 0.113038465882418, 0.11253829811530529, 0.1162525063977235, 0.1162525063977235, 0.1162525063977235, 0.1162525063977235, 0.1167011028827445, 0.11462286979734579, 0.11510340134622273, 0.11510340134622273, 0.11859790471769154, 0.11859790471769154, 0.11907912268672774, 0.11868603178927699, 0.11868603178927699, 0.11868603178927699, 0.11868603178927699, 0.09068514506750787, 0.09068514506750787, 0.09068514506750787, 0.09068514506750787, 0.09068514506750787, 0.09036266628488968, 0.09036266628488968, 0.09036266628488968, 0.09036266628488968, 0.10183322929895218, 0.10183322929895218, 0.10182673296909324, 0.10651393683452917, 0.10866662773939441, 0.10866662773939441, 0.10866662773939441, 0.10790197656769956, 0.09746286774128149, 0.09746286774128149, 0.09746286774128149, 0.09789328824646759, 0.10156485598387818, 0.10156485598387818, 0.10156485598387818, 0.10085844748981895, 0.05834333853644611, 0.05854521470465318, 0.058938953228857185, 0.06011137099556723, 0.06279935778077872, 0.0466992320726945
Occupy-Asia-South-America, 0.08333333333333333, 0.0827702708145055, 0.0827702708145055, 0.0827702708145055, 0.0827702708145055, 0.0827702708145055, 0.0827702708145055, 0.08220350698432313, 0.08220350698432313, 0.08220350698432313, 0.08220350698432313, 0.08220350698432313, 0.08220350698432313, 0.08163312201511416, 0.08163312201511416, 0.08163312201511416, 0.08163312201511416, 0.08163312201511416, 0.08163312201511416, 0.08105919859403225, 0.08105919859403225, 0.08105919859403225, 0.08105919859403225, 0.08105919859403225, 0.08105919859403225, 0.08048182189019053, 0.08048182189019053, 0.08048182189019053, 0.08048182189019053, 0.08048182189019053, 0.08048182189019053, 0.07990107951832676, 0.07990107951832676, 0.07990107951832676, 0.07990107951832676, 0.07990107951832676, 0.07990107951832676, 0.07931706149900246, 0.07931706149900246, 0.07931706149900246, 0.07931706149900246, 0.07931706149900246, 0.07931706149900246, 0.07872986021534302, 0.07872986021534302, 0.07872986021534302, 0.07872986021534302, 0.07872986021534302, 0.07872986021534302, 0.07813957036633759, 0.07813957036633759, 0.07813957036633759, 0.07813957036633759, 0.07813957036633759, 0.07813957036633759, 0.07754628891672169, 0.07754628891672169, 0.07754628891672169, 0.07754628891672169, 0.07754628891672169, 0.07754628891672169, 0.07695011504347733, 0.07695011504347733, 0.07695011504347733, 0.07695011504347733, 0.07695011504347733, 0.07695011504347733, 0.07635115007899067, 0.07635115007899067, 0.07635115007899067, 0.07635115007899067, 0.07635115007899067, 0.07635115007899067, 0.07574949745091736, 0.07574949745091736, 0.07574949745091736, 0.07574949745091736, 0.07574949745091736, 0.07574949745091736, 0.04039204154487714, 0.04127618244616939, 0.041512570660449395, 0.041960949844659125, 0.041349932471223906, 0.041349932471223906, 0.03349765644110734, 0.03349765644110734, 0.03349765644110734, 0.03349765644110734, 0.033508509335073815, 0.033508509335073815, 0.040632637057794456, 0.04014188977158492, 0.04014188977158492, 0.04014188977158492, 0.04014188977158492, 0.04078890885569483, 0.048645835624780635, 0.048645835624780635, 0.048184382391165535, 0.048184382391165535, 0.048184382391165535, 0.04895018088167175, 0.04221302148814016, 0.04221302148814016, 0.04221302148814016, 0.04221302148814016, 0.04152839610915901, 0.04417450132200026, 0.0434725003276252, 0.0434725003276252, 0.04215816806570085, 0.04215816806570085, 0.03751082942459251, 0.03815000211651674, 0.03815000211651674, 0.03815000211651674, 0.03815000211651674, 0.052968609676005474, 0.052968609676005474, 0.052968609676005474, 0.052968609676005474, 0.052968609676005474, 0.04874053356325352, 0.04874053356325352, 0.04874053356325352, 0.04874053356325352, 0.037596229578845994, 0.037596229578845994, 0.03760887469323806, 0.03702654746645445, 0.033475973213955915, 0.033475973213955915, 0.033475973213955915, 0.033918788978684083, 0.03744555737081705, 0.03744555737081705, 0.03744555737081705, 0.037625976719922134, 0.03602105222009063, 0.03602105222009063, 0.03602105222009063, 0.03650052680338815, 0.06084369589865044, 0.05983314034687975, 0.05905445272587554, 0.05557570040566284, 0.054668293641853855, 0.07121464806092581
Occupy-Europe-South-America-Asia, 0.08333333333333333, 0.0827702708145055, 0.0827702708145055, 0.0827702708145055, 0.0827702708145055, 0.0827702708145055, 0.0827702708145055, 0.08220350698432313, 0.08220350698432313, 0.08220350698432313, 0.08220350698432313, 0.08220350698432313, 0.08220350698432313, 0.08163312201511416, 0.08163312201511416, 0.08163312201511416, 0.08163312201511416, 0.08163312201511416, 0.08163312201511416, 0.08105919859403225, 0.08105919859403225, 0.08105919859403225, 0.08105919859403225, 0.08105919859403225, 0.08105919859403225, 0.08048182189019053, 0.08048182189019053, 0.08048182189019053, 0.08048182189019053, 0.08048182189019053, 0.08048182189019053, 0.07990107951832676, 0.07990107951832676, 0.07990107951832676, 0.07990107951832676, 0.07990107951832676, 0.07990107951832676, 0.07931706149900246, 0.07931706149900246, 0.07931706149900246, 0.07931706149900246, 0.07931706149900246, 0.07931706149900246, 0.07872986021534302, 0.07872986021534302, 0.07872986021534302, 0.07872986021534302, 0.07872986021534302, 0.07872986021534302, 0.07813957036633759, 0.07813957036633759, 0.07813957036633759, 0.07813957036633759, 0.07813957036633759, 0.07813957036633759, 0.07754628891672169, 0.07754628891672169, 0.07754628891672169, 0.07754628891672169, 0.07754628891672169, 0.07754628891672169, 0.07695011504347733, 0.07695011504347733, 0.07695011504347733, 0.07695011504347733, 0.07695011504347733, 0.07695011504347733, 0.07635115007899067, 0.07635115007899067, 0.07635115007899067, 0.07635115007899067, 0.07635115007899067, 0.07635115007899067, 0.07574949745091736, 0.07574949745091736, 0.07574949745091736, 0.07574949745091736, 0.07574949745091736, 0.07574949745091736, 0.023837745190256898, 0.024359529301958022, 0.024499036041465753, 0.024268378703280323, 0.023914992970409527, 0.023914992970409527, 0.018531250286467623, 0.018531250286467623, 0.018531250286467623, 0.018531250286467623, 0.0185372542197511, 0.0185372542197511, 0.020028490840233646, 0.019786593482876876, 0.019786593482876876, 0.019786593482876876, 0.019786593482876876, 0.020105519763273582, 0.01972679806743629, 0.01972679806743629, 0.019539670132636185, 0.019539670132636185, 0.019539670132636185, 0.019850215773152803, 0.016746037210809087, 0.016746037210809087, 0.016746037210809087, 0.016746037210809087, 0.016474444188852494, 0.01686287322899286, 0.01659489615125553, 0.01659489615125553, 0.01609317190649156, 0.01609317190649156, 0.013453429564269944, 0.013682671757047741, 0.013682671757047741, 0.013682671757047741, 0.013682671757047741, 0.016323676286869905, 0.016323676286869905, 0.016323676286869905, 0.016323676286869905, 0.016323676286869905, 0.01440759384439157, 0.01440759384439157, 0.01440759384439157, 0.01440759384439157, 0.014139612855374134, 0.014139612855374134, 0.014144368572211132, 0.013925360399474129, 0.0120604109085476, 0.0120604109085476, 0.0120604109085476, 0.01197554577999628, 0.012259217867557357, 0.012259217867557357, 0.012259217867557357, 0.012067090734794667, 0.012519676829509666, 0.012519676829509666, 0.012519676829509666, 0.012432599405241513, 0.013606256904739364, 0.013380270000906198, 0.013470257334460025, 0.013727433834050336, 0.013773366265537271, 0.01549138477067793
Occupy-North-America-Africa, 0.08333333333333333, 0.08445945837098895, 0.08445945837098895, 0.08445945837098895, 0.08445945837098895, 0.08445945837098895, 0.08445945837098895, 0.08559298603135368, 0.08559298603135368, 0.08559298603135368, 0.08559298603135368, 0.08559298603135368, 0.08559298603135368, 0.08673375596977172, 0.08673375596977172, 0.08673375596977172, 0.08673375596977172, 0.08673375596977172, 0.08673375596977172, 0.08788160281193548, 0.08788160281193548, 0.08788160281193548, 0.08788160281193548, 0.08788160281193548, 0.08788160281193548, 0.089036356219619, 0.089036356219619, 0.089036356219619, 0.089036356219619, 0.089036356219619, 0.089036356219619, 0.09019784096334642, 0.09019784096334642, 0.09019784096334642, 0.09019784096334642, 0.09019784096334642, 0.09019784096334642, 0.09136587700199511, 0.09136587700199511, 0.09136587700199511, 0.09136587700199511, 0.09136587700199511, 0.09136587700199511, 0.0925402795693139, 0.0925402795693139, 0.0925402795693139, 0.0925402795693139, 0.0925402795693139, 0.0925402795693139, 0.09372085926732486, 0.09372085926732486, 0.09372085926732486, 0.09372085926732486, 0.09372085926732486, 0.09372085926732486, 0.09490742216655662, 0.09490742216655662, 0.09490742216655662, 0.09490742216655662, 0.09490742216655662, 0.09490742216655662, 0.0960997699130453, 0.0960997699130453, 0.0960997699130453, 0.0960997699130453, 0.0960997699130453, 0.0960997699130453, 0.09729769984201866, 0.09729769984201866, 0.09729769984201866, 0.09729769984201866, 0.09729769984201866, 0.09729769984201866, 0.09850100509816528, 0.09850100509816528, 0.09850100509816528, 0.09850100509816528, 0.09850100509816528, 0.09850100509816528, 0.2032964498756017, 0.20359147926514573, 0.20066230028627147, 0.20282966301694733, 0.20395524538417265, 0.20395524538417265, 0.222522675541549, 0.222522675541549, 0.222522675541549, 0.222522675541549, 0.2225057328467761, 0.2225057328467761, 0.21321695514419156, 0.21511265596231616, 0.21511265596231616, 0.21511265596231616, 0.21511265596231616, 0.21420831265497164, 0.19023633013567284, 0.19023633013567284, 0.19227729509097627, 0.19227729509097627, 0.19227729509097627, 0.19142651474287634, 0.20140627805345884, 0.20140627805345884, 0.20140627805345884, 0.20140627805345884, 0.20218346687454833, 0.20703328758344358, 0.2079012297884106, 0.2079012297884106, 0.2142130462936659, 0.2142130462936659, 0.2279128793024198, 0.22716051838268692, 0.22716051838268692, 0.22716051838268692, 0.22716051838268692, 0.19275149443921624, 0.19275149443921624, 0.19275149443921624, 0.19275149443921624, 0.19275149443921624, 0.19575964318267822, 0.19575964318267822, 0.19575964318267822, 0.19575964318267822, 0.16043492889362468, 0.16043492889362468, 0.16042469413797403, 0.16780923083624089, 0.1776459323180457, 0.1776459323180457, 0.1776459323180457, 0.1799958093139285, 0.17703361831909006, 0.17703361831909006, 0.17703361831909006, 0.18151693294597313, 0.17377438382923446, 0.17377438382923446, 0.17377438382923446, 0.1760874867270958, 0.15456140985442765, 0.1550962141004103, 0.1530777423758035, 0.14112030063630918, 0.14453994944901563, 0.12524955093361687
ted
WINNER
Conquer the continents of EUROPE and AUSTRALIA and a third continent of your choice., Turn 1, Turn 2, Turn 3, Turn 4, Turn 5, Turn 6, Turn 7, Turn 8, Turn 9, Turn 10, Turn 11, Turn 12, Turn 13, Turn 14, Turn 15, Turn 16, Turn 17, Turn 18, Turn 19, Turn 20, Turn 21, Turn 22, Turn 23, Turn 24, Turn 25, Turn 26, Turn 27, Turn 28, Turn 29, Turn 30, Turn 31, Turn 32, Turn 33, Turn 34, Turn 35, Turn 36, Turn 37, Turn 38, Turn 39, Turn 40, Turn 41, Turn 42, Turn 43, Turn 44, Turn 45, Turn 46, Turn 47, Turn 48, Turn 49, Turn 50, Turn 51, Turn 52, Turn 53, Turn 54, Turn 55, Turn 56, Turn 57, Turn 58, Turn 59, Turn 60, Turn 61, Turn 62, Turn 63, Turn 64, Turn 65, Turn 66, Turn 67, Turn 68, Turn 69, Turn 70, Turn 71, Turn 72, Turn 73, Turn 74, Turn 75, Turn 76, Turn 77, Turn 78, Turn 79, Turn 80, Turn 81, Turn 82, Turn 83, Turn 84, Turn 85, Turn 86, Turn 87, Turn 88, Turn 89, Turn 90, Turn 91, Turn 92, Turn 93, Turn 94, Turn 95, Turn 96, Turn 97, Turn 98, Turn 99, Turn 100, Turn 101, Turn 102, Turn 103, Turn 104, Turn 105, Turn 106, Turn 107, Turn 108, Turn 109, Turn 110, Turn 111, Turn 112, Turn 113, Turn 114, Turn 115, Turn 116, Turn 117, Turn 118, Turn 119, Turn 120, Turn 121, Turn 122, Turn 123, Turn 124, Turn 125, Turn 126, Turn 127, Turn 128, Turn 129, Turn 130, Turn 131, Turn 132, Turn 133, Turn 134, Turn 135, Turn 136, Turn 137, Turn 138, Turn 139, Turn 140, Turn 141, Turn 142, Turn 143, Turn 144, Turn 145, Turn 146, Turn 147, Turn 148, Turn 149
Occupy-Europe-Australia-Asia, 0.08333333333333333, 0.08333333333333333, 0.08417508336421936, 0.08417508336421936, 0.08417508336421936, 0.08417508336421936, 0.08417508336421936, 0.08417508336421936, 0.08501666164476683, 0.08501666164476683, 0.08501666164476683, 0.08501666164476683, 0.08501666164476683, 0.08501666164476683, 0.08585789656478407, 0.08585789656478407, 0.08585789656478407, 0.08585789656478407, 0.08585789656478407, 0.08585789656478407, 0.08669861679413018, 0.08669861679413018, 0.08669861679413018, 0.08669861679413018, 0.08669861679413018, 0.08669861679413018, 0.08583454503563873, 0.08583454503563873, 0.08583454503563873, 0.08583454503563873, 0.08583454503563873, 0.08583454503563873, 0.08497041461276252, 0.08497041461276252, 0.08497041461276252, 0.08497041461276252, 0.08497041461276252, 0.08497041461276252, 0.08410640185430755, 0.08410640185430755, 0.08410640185430755, 0.08410640185430755, 0.08410640185430755, 0.08410640185430755, 0.08324268299305852, 0.08324268299305852, 0.08324268299305852, 0.08324268299305852, 0.08324268299305852, 0.08324268299305852, 0.08237943402204762, 0.08237943402204762, 0.08237943402204762, 0.08237943402204762, 0.08237943402204762, 0.08237943402204762, 0.08151683055123901, 0.08151683055123901, 0.08151683055123901, 0.08151683055123901, 0.08151683055123901, 0.08151683055123901, 0.08065504766487644, 0.08065504766487644, 0.08065504766487644, 0.08065504766487644, 0.08065504766487644, 0.08065504766487644, 0.07979425977973967, 0.07979425977973967, 0.07979425977973967, 0.07979425977973967, 0.07979425977973967, 0.07979425977973967, 0.07928697920327518, 0.07928697920327518, 0.07928697920327518, 0.07928697920327518, 0.07928697920327518, 0.08029773224751817, 0.07121966614107077, 0.07121966614107077, 0.07069840807255216, 0.07069840807255216, 0.07069840807255216, 0.0711907385232576, 0.06626584551124388, 0.06626584551124388, 0.06626584551124388, 0.06626584551124388, 0.06626584551124388, 0.06768211243501036, 0.05551912208477138, 0.05551912208477138, 0.05551912208477138, 0.05551912208477138, 0.05690108379686719, 0.05758944558352552, 0.06013856895673887, 0.06013856895673887, 0.06013856895673887, 0.05928968450268854, 0.05928968450268854, 0.05928968450268854, 0.06071469482307457, 0.06071469482307457, 0.06071469482307457, 0.06071469482307457, 0.06071469482307457, 0.07313460983626116, 0.07313460983626116, 0.07313460983626116, 0.07313460983626116, 0.07313460983626116, 0.0769623047010352, 0.0769623047010352, 0.0769623047010352, 0.07694493455939916, 0.07694493455939916, 0.09884573151967908, 0.09707720803542047, 0.09634453020343448, 0.0983395691256178, 0.09885007289038572, 0.10659369197987036, 0.10139108051765203, 0.10139108051765203, 0.10139108051765203, 0.10932152265184798, 0.10932152265184798, 0.10932152265184798, 0.10932152265184798, 0.12064527688856998, 0.12064527688856998, 0.12064527688856998, 0.12064527688856998, 0.12356878006965827, 0.12356878006965827, 0.12356878006965827, 0.12356878006965827, 0.136591395868573, 0.1355622224246156, 0.1355622224246156, 0.1355622224246156, 0.10589888974793289, 0.10557051285882069, 0.10557051285882069, 0.08109013340344196, 0.08325944736323053
Occupy-Europe-South-America-North-America, 0.08333333333333333, 0.08333333333333333, 0.08249158330244728, 0.08249158330244728, 0.08249158330244728, 0.08249158330244728, 0.08249158330244728, 0.08249158330244728, 0.08165000502189981, 0.08165000502189981, 0.08165000502189981, 0.08165000502189981, 0.08165000502189981, 0.08165000502189981, 0.08080877010188262, 0.08080877010188262, 0.08080877010188262, 0.08080877010188262, 0.08080877010188262, 0.08080877010188262, 0.0799680498725365, 0.0799680498725365, 0.0799680498725365, 0.0799680498725365, 0.0799680498725365, 0.0799680498725365, 0.08078679182817998, 0.08078679182817998, 0.08078679182817998, 0.08078679182817998, 0.08078679182817998, 0.08078679182817998, 0.08160558937063397, 0.08160558937063397, 0.08160558937063397, 0.08160558937063397, 0.08160558937063397, 0.08160558937063397, 0.08242427542142373, 0.08242427542142373, 0.08242427542142373, 0.08242427542142373, 0.08242427542142373, 0.08242427542142373, 0.08324268299305855, 0.08324268299305855, 0.08324268299305855, 0.08324268299305855, 0.08324268299305855, 0.08324268299305855, 0.08406064532522252, 0.08406064532522252, 0.08406064532522252, 0.08406064532522252, 0.08406064532522252, 0.08406064532522252, 0.08487799602057183, 0.08487799602057183, 0.08487799602057183, 0.08487799602057183, 0.08487799602057183, 0.08487799602057183, 0.08569456917990348, 0.08569456917990348, 0.08569456917990348, 0.08569456917990348, 0.08569456917990348, 0.08569456917990348, 0.08651019953646265, 0.08651019953646265, 0.08651019953646265, 0.08651019953646265, 0.08651019953646265, 0.08651019953646265, 0.08596022333501593, 0.08596022333501593, 0.08596022333501593, 0.08596022333501593, 0.08596022333501593, 0.0870560471170889, 0.06929245232686855, 0.06929245232686855, 0.06878529957230106, 0.06878529957230106, 0.06878529957230106, 0.06926430749431235, 0.07417860622514307, 0.07417860622514307, 0.07417860622514307, 0.07417860622514307, 0.07417860622514307, 0.07276373752611259, 0.08220309331009118, 0.08220309331009118, 0.08220309331009118, 0.08220309331009118, 0.08088062990009759, 0.08022190450436079, 0.07726939229514351, 0.07726939229514351, 0.07726939229514351, 0.0777333639321141, 0.0777333639321141, 0.0777333639321141, 0.0764494398545664, 0.0764494398545664, 0.0764494398545664, 0.0764494398545664, 0.0764494398545664, 0.06665095663691845, 0.06665095663691845, 0.06665095663691845, 0.06665095663691845, 0.06665095663691845, 0.05657175062405605, 0.05657175062405605, 0.05657175062405605, 0.056581615166996384, 0.056581615166996384, 0.05504166153027657, 0.05516007002647502, 0.05474375644126717, 0.05370757025768782, 0.05398637884976192, 0.048536256268103546, 0.05107449731205216, 0.05107449731205216, 0.05107449731205216, 0.04322187071190158, 0.04322187071190158, 0.04322187071190158, 0.04322187071190158, 0.033497213951686464, 0.033497213951686464, 0.033497213951686464, 0.033497213951686464, 0.033622748026540104, 0.033622748026540104, 0.033622748026540104, 0.033622748026540104, 0.030492352822233226, 0.030262602481306806, 0.030262602481306806, 0.030262602481306806, 0.02393484888365775, 0.024337842589498858, 0.024337842589498858, 0.03274824776912129, 0.032292803123457184
Occupy-Europe-South-America-Africa, 0.08333333333333333, 0.08333333333333333, 0.08249158330244728, 0.08249158330244728, 0.08249158330244728, 0.08249158330244728, 0.08249158330244728, 0.08249158330244728, 0.08165000502189981, 0.08165000502189981, 0.08165000502189981, 0.08165000502189981, 0.08165000502189981, 0.08165000502189981, 0.08080877010188262, 0.08080877010188262, 0.08080877010188262, 0.08080877010188262, 0.08080877010188262, 0.08080877010188262, 0.0799680498725365, 0.0799680498725365, 0.0799680498725365, 0.0799680498725365, 0.0799680498725365, 0.0799680498725365, 0.08078679182817998, 0.08078679182817998, 0.08078679182817998, 0.08078679182817998, 0.08078679182817998, 0.08078679182817998, 0.08160558937063397, 0.08160558937063397, 0.08160558937063397, 0.08160558937063397, 0.08160558937063397, 0.08160558937063397, 0.08242427542142373, 0.08242427542142373, 0.08242427542142373, 0.08242427542142373, 0.08242427542142373, 0.08242427542142373, 0.08324268299305855, 0.08324268299305855, 0.08324268299305855, 0.08324268299305855, 0.08324268299305855, 0.08324268299305855, 0.08406064532522252, 0.08406064532522252, 0.08406064532522252, 0.08406064532522252, 0.08406064532522252, 0.08406064532522252, 0.08487799602057183, 0.08487799602057183, 0.08487799602057183, 0.08487799602057183, 0.08487799602057183, 0.08487799602057183, 0.08569456917990348, 0.08569456917990348, 0.08569456917990348, 0.08569456917990348, 0.08569456917990348, 0.08569456917990348, 0.08651019953646265, 0.08651019953646265, 0.08651019953646265, 0.08651019953646265, 0.08651019953646265, 0.08651019953646265, 0.08771451189999427, 0.08771451189999427, 0.08771451189999427, 0.08771451189999427, 0.08771451189999427, 0.08531492783520946, 0.08252274198818002, 0.08252274198818002, 0.0819187564961333, 0.0819187564961333, 0.0819187564961333, 0.08083944045469972, 0.0865749942196777, 0.0865749942196777, 0.0865749942196777, 0.0865749942196777, 0.0865749942196777, 0.08492367916168936, 0.09976833539239212, 0.09976833539239212, 0.09976833539239212, 0.09976833539239212, 0.09816328663182183, 0.0973638041115541, 0.09378039603677352, 0.09378039603677352, 0.09378039603677352, 0.09434350961347582, 0.09434350961347582, 0.09434350961347582, 0.09278523530980771, 0.09278523530980771, 0.09278523530980771, 0.09278523530980771, 0.09278523530980771, 0.07755757011164018, 0.07755757011164018, 0.07755757011164018, 0.07755757011164018, 0.07755757011164018, 0.07242032305648041, 0.07242032305648041, 0.07242032305648041, 0.07243295115051433, 0.07243295115051433, 0.06578499735429912, 0.06592651747546874, 0.06542894550289316, 0.06419051077090686, 0.06323326522090297, 0.05803400301699738, 0.061068936069697294, 0.061068936069697294, 0.061068936069697294, 0.05329466963797616, 0.05329466963797616, 0.05329466963797616, 0.05329466963797616, 0.044387690436687936, 0.044387690436687936, 0.044387690436687936, 0.044387690436687936, 0.040339156515944184, 0.040339156515944184, 0.040339156515944184, 0.040339156515944184, 0.03302764954738119, 0.034130357416395606, 0.034130357416395606, 0.034130357416395606, 0.012066651870832125, 0.012029234957276416, 0.012029234957276416, 0.009930767743908987, 0.009792656079792352
Occupy-Asia-Africa, 0.08333333333333333, 0.08333333333333333, 0.08249158330244728, 0.08249158330244728, 0.08249158330244728, 0.08249158330244728, 0.08249158330244728, 0.08249158330244728, 0.08165000502189981, 0.08165000502189981, 0.08165000502189981, 0.08165000502189981, 0.08165000502189981, 0.08165000502189981, 0.08080877010188262, 0.08080877010188262, 0.08080877010188262, 0.08080877010188262, 0.08080877010188262, 0.08080877010188262, 0.0799680498725365, 0.0799680498725365, 0.0799680498725365, 0.0799680498725365, 0.0799680498725365, 0.0799680498725365, 0.07917105753250216, 0.07917105753250216, 0.07917105753250216, 0.07917105753250216, 0.07917105753250216, 0.07917105753250216, 0.07837401108230296, 0.07837401108230296, 0.07837401108230296, 0.07837401108230296, 0.07837401108230296, 0.07837401108230296, 0.07757707316202797, 0.07757707316202797, 0.07757707316202797, 0.07757707316202797, 0.07757707316202797, 0.07757707316202797, 0.07678040632319914, 0.07678040632319914, 0.07678040632319914, 0.07678040632319914, 0.07678040632319914, 0.07678040632319914, 0.07598417289619837, 0.07598417289619837, 0.07598417289619837, 0.07598417289619837, 0.07598417289619837, 0.07598417289619837, 0.07518853485807785, 0.07518853485807785, 0.07518853485807785, 0.07518853485807785, 0.07518853485807785, 0.07518853485807785, 0.07439365370098185, 0.07439365370098185, 0.07439365370098185, 0.07439365370098185, 0.07439365370098185, 0.07439365370098185, 0.07359969030140713, 0.07359969030140713, 0.07359969030140713, 0.07359969030140713, 0.07359969030140713, 0.07359969030140713, 0.07462427488746769, 0.07462427488746769, 0.07462427488746769, 0.07462427488746769, 0.07462427488746769, 0.07258279717771028, 0.08391989085856397, 0.08391989085856397, 0.08500579386372141, 0.08500579386372141, 0.08500579386372141, 0.08388580473234047, 0.07648915759578502, 0.07648915759578502, 0.07648915759578502, 0.07648915759578502, 0.07648915759578502, 0.07812392227876626, 0.06149545780719876, 0.06149545780719876, 0.06149545780719876, 0.06149545780719876, 0.06302618028561963, 0.06378864052666776, 0.06269483891691548, 0.06269483891691548, 0.06269483891691548, 0.06180987149868436, 0.06180987149868436, 0.06180987149868436, 0.06202954591208432, 0.06202954591208432, 0.06202954591208432, 0.06202954591208432, 0.06202954591208432, 0.08081545323762009, 0.08081545323762009, 0.08081545323762009, 0.08081545323762009, 0.08081545323762009, 0.1045700412123138, 0.1045700412123138, 0.1045700412123138, 0.10454644009441846, 0.10454644009441846, 0.09388770120076137, 0.09408967732578435, 0.09528525069687095, 0.09725835475839738, 0.0958079826368007, 0.10533904432590725, 0.10224251795702133, 0.10224251795702133, 0.10224251795702133, 0.11902677890267607, 0.11902677890267607, 0.11902677890267607, 0.11902677890267607, 0.1358922625576584, 0.1358922625576584, 0.1358922625576584, 0.1358922625576584, 0.13367778677985986, 0.13367778677985986, 0.13367778677985986, 0.13367778677985986, 0.131459135466601, 0.13046863199947198, 0.13046863199947198, 0.13046863199947198, 0.15785414471441128, 0.1573646622174921, 0.1573646622174921, 0.1139119116691937, 0.11695927008135405
Occupy-Europe-Australia-South-America, 0.08333333333333333, 0.08333333333333333, 0.08417508336421936, 0.08417508336421936, 0.08417508336421936, 0.08417508336421936, 0.08417508336421936, 0.08417508336421936, 0.08501666164476683, 0.08501666164476683, 0.08501666164476683, 0.08501666164476683, 0.08501666164476683, 0.08501666164476683, 0.08585789656478407, 0.08585789656478407, 0.08585789656478407, 0.08585789656478407, 0.08585789656478407, 0.08585789656478407, 0.08669861679413018, 0.08669861679413018, 0.08669861679413018, 0.08669861679413018, 0.08669861679413018, 0.08669861679413018, 0.08758626873986045, 0.08758626873986045, 0.08758626873986045, 0.08758626873986045, 0.08758626873986045, 0.08758626873986045, 0.08847398095090406, 0.08847398095090406, 0.08847398095090406, 0.08847398095090406, 0.08847398095090406, 0.08847398095090406, 0.08936157228650943, 0.08936157228650943, 0.08936157228650943, 0.08936157228650943, 0.08936157228650943, 0.08936157228650943, 0.09024886170456675, 0.09024886170456675, 0.09024886170456675, 0.09024886170456675, 0.09024886170456675, 0.09024886170456675, 0.09113566840926134, 0.09113566840926134, 0.09113566840926134, 0.09113566840926134, 0.09113566840926134, 0.09113566840926134, 0.09202181199830042, 0.09202181199830042, 0.09202181199830042, 0.09202181199830042, 0.09202181199830042, 0.09202181199830042, 0.09290711260945837, 0.09290711260945837, 0.09290711260945837, 0.09290711260945837, 0.09290711260945837, 0.09290711260945837, 0.09379139106618824, 0.09379139106618824, 0.09379139106618824, 0.09379139106618824, 0.09379139106618824, 0.09379139106618824, 0.0931951257325816, 0.0931951257325816, 0.0931951257325816, 0.0931951257325816, 0.0931951257325816, 0.09438318029071166, 0.09277503937789097, 0.09277503937789097, 0.09209601712949869, 0.09209601712949869, 0.09209601712949869, 0.09273735651545786, 0.10122701034893489, 0.10122701034893489, 0.10122701034893489, 0.10122701034893489, 0.10122701034893489, 0.09929622550775791, 0.12118300495728898, 0.12118300495728898, 0.12118300495728898, 0.12118300495728898, 0.11923344219126819, 0.11826235558512382, 0.12102714854859527, 0.12102714854859527, 0.12102714854859527, 0.12175386792041959, 0.12175386792041959, 0.12175386792041959, 0.12218658536289422, 0.12218658536289422, 0.12218658536289422, 0.12218658536289422, 0.12218658536289422, 0.1065259970266343, 0.1065259970266343, 0.1065259970266343, 0.1065259970266343, 0.1065259970266343, 0.0923404992269575, 0.0923404992269575, 0.0923404992269575, 0.09235660084675376, 0.09235660084675376, 0.09611223820607133, 0.09631899987125088, 0.09559204451856934, 0.09378268465309293, 0.09426953256193712, 0.08651835893652221, 0.08922204707117025, 0.08922204707117025, 0.08922204707117025, 0.07623519446481969, 0.07623519446481969, 0.07623519446481969, 0.07623519446481969, 0.06521002176081002, 0.06521002176081002, 0.06521002176081002, 0.06521002176081002, 0.06674307793888859, 0.06674307793888859, 0.06674307793888859, 0.06674307793888859, 0.06048847410467373, 0.06250802794195813, 0.06250802794195813, 0.06250802794195813, 0.02788242612469222, 0.027795966820222447, 0.027795966820222447, 0.027462478122943865, 0.02708054505874017
Occupy-Europe-South-America-Australia, 0.08333333333333333, 0.08333333333333333, 0.08417508336421936, 0.08417508336421936, 0.08417508336421936, 0.08417508336421936, 0.08417508336421936, 0.08417508336421936, 0.08501666164476683, 0.08501666164476683, 0.08501666164476683, 0.08501666164476683, 0.08501666164476683, 0.08501666164476683, 0.08585789656478407, 0.08585789656478407, 0.08585789656478407, 0.08585789656478407, 0.08585789656478407, 0.08585789656478407, 0.08669861679413018, 0.08669861679413018, 0.08669861679413018, 0.08669861679413018, 0.08669861679413018, 0.08669861679413018, 0.08758626873986045, 0.08758626873986045, 0.08758626873986045, 0.08758626873986045, 0.08758626873986045, 0.08758626873986045, 0.08847398095090406, 0.08847398095090406, 0.08847398095090406, 0.08847398095090406, 0.08847398095090406, 0.08847398095090406, 0.08936157228650943, 0.08936157228650943, 0.08936157228650943, 0.08936157228650943, 0.08936157228650943, 0.08936157228650943, 0.09024886170456675, 0.09024886170456675, 0.09024886170456675, 0.09024886170456675, 0.09024886170456675, 0.09024886170456675, 0.09113566840926134, 0.09113566840926134, 0.09113566840926134, 0.09113566840926134, 0.09113566840926134, 0.09113566840926134, 0.09202181199830042, 0.09202181199830042, 0.09202181199830042, 0.09202181199830042, 0.09202181199830042, 0.09202181199830042, 0.09290711260945837, 0.09290711260945837, 0.09290711260945837, 0.09290711260945837, 0.09290711260945837, 0.09290711260945837, 0.09379139106618824, 0.09379139106618824, 0.09379139106618824, 0.09379139106618824, 0.09379139106618824, 0.09379139106618824, 0.0931951257325816, 0.0931951257325816, 0.0931951257325816, 0.0931951257325816, 0.0931951257325816, 0.09438318029071166, 0.09277503937789097, 0.09277503937789097, 0.09209601712949869, 0.09209601712949869, 0.09209601712949869, 0.09273735651545786, 0.10122701034893489, 0.10122701034893489, 0.10122701034893489, 0.10122701034893489, 0.10122701034893489, 0.09929622550775791, 0.12118300495728898, 0.12118300495728898, 0.12118300495728898, 0.12118300495728898, 0.11923344219126819, 0.11826235558512382, 0.12102714854859527, 0.12102714854859527, 0.12102714854859527, 0.12175386792041959, 0.12175386792041959, 0.12175386792041959, 0.12218658536289422, 0.12218658536289422, 0.12218658536289422, 0.12218658536289422, 0.12218658536289422, 0.1065259970266343, 0.1065259970266343, 0.1065259970266343, 0.1065259970266343, 0.1065259970266343, 0.0923404992269575, 0.0923404992269575, 0.0923404992269575, 0.09235660084675376, 0.09235660084675376, 0.09611223820607133, 0.09631899987125088, 0.09559204451856934, 0.09378268465309293, 0.09426953256193712, 0.08651835893652221, 0.08922204707117025, 0.08922204707117025, 0.08922204707117025, 0.07623519446481969, 0.07623519446481969, 0.07623519446481969, 0.07623519446481969, 0.06521002176081002, 0.06521002176081002, 0.06521002176081002, 0.06521002176081002, 0.06674307793888859, 0.06674307793888859, 0.06674307793888859, 0.06674307793888859, 0.06048847410467373, 0.06250802794195813, 0.06250802794195813, 0.06250802794195813, 0.02788242612469222, 0.027795966820222447, 0.027795966820222447, 0.027462478122943865, 0.02708054505874017
Occupy-Europe-Australia-North-America, 0.08333333333333333, 0.08333333333333333, 0.08417508336421936, 0.08417508336421936, 0.08417508336421936, 0.08417508336421936, 0.08417508336421936, 0.08417508336421936, 0.08501666164476683, 0.08501666164476683, 0.08501666164476683, 0.08501666164476683, 0.08501666164476683, 0.08501666164476683, 0.08585789656478407, 0.08585789656478407, 0.08585789656478407, 0.08585789656478407, 0.08585789656478407, 0.08585789656478407, 0.08669861679413018, 0.08669861679413018, 0.08669861679413018, 0.08669861679413018, 0.08669861679413018, 0.08669861679413018, 0.08583454503563873, 0.08583454503563873, 0.08583454503563873, 0.08583454503563873, 0.08583454503563873, 0.08583454503563873, 0.08497041461276252, 0.08497041461276252, 0.08497041461276252, 0.08497041461276252, 0.08497041461276252, 0.08497041461276252, 0.08410640185430755, 0.08410640185430755, 0.08410640185430755, 0.08410640185430755, 0.08410640185430755, 0.08410640185430755, 0.08324268299305852, 0.08324268299305852, 0.08324268299305852, 0.08324268299305852, 0.08324268299305852, 0.08324268299305852, 0.08237943402204762, 0.08237943402204762, 0.08237943402204762, 0.08237943402204762, 0.08237943402204762, 0.08237943402204762, 0.08151683055123901, 0.08151683055123901, 0.08151683055123901, 0.08151683055123901, 0.08151683055123901, 0.08151683055123901, 0.08065504766487644, 0.08065504766487644, 0.08065504766487644, 0.08065504766487644, 0.08065504766487644, 0.08065504766487644, 0.07979425977973967, 0.07979425977973967, 0.07979425977973967, 0.07979425977973967, 0.07979425977973967, 0.07979425977973967, 0.07928697920327518, 0.07928697920327518, 0.07928697920327518, 0.07928697920327518, 0.07928697920327518, 0.08029773224751817, 0.07590097635955802, 0.07590097635955802, 0.07534545569399506, 0.07534545569399506, 0.07534545569399506, 0.07587014731254414, 0.07062153820873592, 0.07062153820873592, 0.07062153820873592, 0.07062153820873592, 0.07062153820873592, 0.07213089718391978, 0.059168426379768636, 0.059168426379768636, 0.059168426379768636, 0.059168426379768636, 0.06064122524169855, 0.061374833450314505, 0.06280968316912906, 0.06280968316912906, 0.06280968316912906, 0.06318683006587535, 0.06318683006587535, 0.06318683006587535, 0.0634113982374759, 0.0634113982374759, 0.0634113982374759, 0.0634113982374759, 0.0634113982374759, 0.055283993738247446, 0.055283993738247446, 0.055283993738247446, 0.055283993738247446, 0.055283993738247446, 0.04692374220972035, 0.04692374220972035, 0.04692374220972035, 0.04693192440781115, 0.04693192440781115, 0.0456546015979769, 0.045752816160718295, 0.04540750262286235, 0.04454803243105824, 0.04477929171428744, 0.040258658284846344, 0.0415167364321844, 0.0415167364321844, 0.0415167364321844, 0.034380232970008924, 0.034380232970008924, 0.034380232970008924, 0.034380232970008924, 0.02734770858355563, 0.02734770858355563, 0.02734770858355563, 0.02734770858355563, 0.03096388174609262, 0.03096388174609262, 0.03096388174609262, 0.03096388174609262, 0.028081036273492267, 0.027869454448533913, 0.027869454448533913, 0.027869454448533913, 0.022042095722193077, 0.02241322093308405, 0.02241322093308405, 0.022194004124383427, 0.02278773558035593
Occupy-North-America-Australia, 0.08333333333333333, 0.08333333333333333, 0.08417508336421936, 0.08417508336421936, 0.08417508336421936, 0.08417508336421936, 0.08417508336421936, 0.08417508336421936, 0.08501666164476683, 0.08501666164476683, 0.08501666164476683, 0.08501666164476683, 0.08501666164476683, 0.08501666164476683, 0.08585789656478407, 0.08585789656478407, 0.08585789656478407, 0.08585789656478407, 0.08585789656478407, 0.08585789656478407, 0.08669861679413018, 0.08669861679413018, 0.08669861679413018, 0.08669861679413018, 0.08669861679413018, 0.08669861679413018, 0.08583454503563873, 0.08583454503563873, 0.08583454503563873, 0.08583454503563873, 0.08583454503563873, 0.08583454503563873, 0.08497041461276252, 0.08497041461276252, 0.08497041461276252, 0.08497041461276252, 0.08497041461276252, 0.08497041461276252, 0.08410640185430755, 0.08410640185430755, 0.08410640185430755, 0.08410640185430755, 0.08410640185430755, 0.08410640185430755, 0.08324268299305852, 0.08324268299305852, 0.08324268299305852, 0.08324268299305852, 0.08324268299305852, 0.08324268299305852, 0.08237943402204762, 0.08237943402204762, 0.08237943402204762, 0.08237943402204762, 0.08237943402204762, 0.08237943402204762, 0.08151683055123901, 0.08151683055123901, 0.08151683055123901, 0.08151683055123901, 0.08151683055123901, 0.08151683055123901, 0.08065504766487644, 0.08065504766487644, 0.08065504766487644, 0.08065504766487644, 0.08065504766487644, 0.08065504766487644, 0.07979425977973967, 0.07979425977973967, 0.07979425977973967, 0.07979425977973967, 0.07979425977973967, 0.07979425977973967, 0.07928697920327518, 0.07928697920327518, 0.07928697920327518, 0.07928697920327518, 0.07928697920327518, 0.08029773224751817, 0.10069573975384193, 0.10069573975384193, 0.10199871816916824, 0.10199871816916824, 0.10199871816916824, 0.10270901810740828, 0.09560372694116037, 0.09560372694116037, 0.09560372694116037, 0.09560372694116037, 0.09560372694116037, 0.0976470177980256, 0.08009910606067504, 0.08009910606067504, 0.08009910606067504, 0.08009910606067504, 0.08209290375761874, 0.08308602399596605, 0.08502844813736174, 0.08502844813736174, 0.08502844813736174, 0.08553900978537718, 0.08553900978537718, 0.08553900978537718, 0.08584301837400232, 0.08584301837400232, 0.08584301837400232, 0.08584301837400232, 0.08584301837400232, 0.08455561287684547, 0.08455561287684547, 0.08455561287684547, 0.08455561287684547, 0.08455561287684547, 0.08118792256717337, 0.08118792256717337, 0.08118792256717337, 0.0812020794871832, 0.0812020794871832, 0.06473877524002991, 0.06620208511311826, 0.06704329801044384, 0.06577430692148657, 0.06611575677333133, 0.06067948594225357, 0.06257571245620053, 0.06257571245620053, 0.06257571245620053, 0.05513826466786751, 0.05513826466786751, 0.05513826466786751, 0.05513826466786751, 0.04716414071068176, 0.04716414071068176, 0.04716414071068176, 0.04716414071068176, 0.05776171599247421, 0.05776171599247421, 0.05776171599247421, 0.05776171599247421, 0.05125817100551858, 0.05087195671984378, 0.05087195671984378, 0.05087195671984378, 0.07597227812450837, 0.07725143179919446, 0.07725143179919446, 0.08635922745923931, 0.08866949961962438
Occupy-Europe-Australia-Africa, 0.08333333333333333, 0.08333333333333333, 0.08417508336421936, 0.08417508336421936, 0.08417508336421936, 0.08417508336421936, 0.08417508336421936, 0.08417508336421936, 0.08501666164476683, 0.08501666164476683, 0.08501666164476683, 0.08501666164476683, 0.08501666164476683, 0.08501666164476683, 0.08585789656478407, 0.08585789656478407, 0.08585789656478407, 0.08585789656478407, 0.08585789656478407, 0.08585789656478407, 0.08669861679413018, 0.08669861679413018, 0.08669861679413018, 0.08669861679413018, 0.08669861679413018, 0.08669861679413018, 0.08583454503563873, 0.08583454503563873, 0.08583454503563873, 0.08583454503563873, 0.08583454503563873, 0.08583454503563873, 0.08497041461276252, 0.08497041461276252, 0.08497041461276252, 0.08497041461276252, 0.08497041461276252, 0.08497041461276252, 0.08410640185430755, 0.08410640185430755, 0.08410640185430755, 0.08410640185430755, 0.08410640185430755, 0.08410640185430755, 0.08324268299305852, 0.08324268299305852, 0.08324268299305852, 0.08324268299305852, 0.08324268299305852, 0.08324268299305852, 0.08237943402204762, 0.08237943402204762, 0.08237943402204762, 0.08237943402204762, 0.08237943402204762, 0.08237943402204762, 0.08151683055123901, 0.08151683055123901, 0.08151683055123901, 0.08151683055123901, 0.08151683055123901, 0.08151683055123901, 0.08065504766487644, 0.08065504766487644, 0.08065504766487644, 0.08065504766487644, 0.08065504766487644, 0.08065504766487644, 0.07979425977973967, 0.07979425977973967, 0.07979425977973967, 0.07979425977973967, 0.07979425977973967, 0.07979425977973967, 0.08090507924503394, 0.08090507924503394, 0.08090507924503394, 0.08090507924503394, 0.08090507924503394, 0.0786917791341255, 0.08943865050274004, 0.08943865050274004, 0.08878404734692598, 0.08878404734692598, 0.08878404734692598, 0.08761427804593007, 0.08155322355131964, 0.08155322355131964, 0.08155322355131964, 0.08155322355131964, 0.08155322355131964, 0.08329621999467852, 0.07113732226962095, 0.07113732226962095, 0.07113732226962095, 0.07113732226962095, 0.07290804651716092, 0.07379005279566145, 0.07551515135077, 0.07551515135077, 0.07551515135077, 0.07596858947610777, 0.07596858947610777, 0.07596858947610777, 0.07623858446113767, 0.07623858446113767, 0.07623858446113767, 0.07623858446113767, 0.07623858446113767, 0.06372651144132924, 0.06372651144132924, 0.06372651144132924, 0.06372651144132924, 0.06372651144132924, 0.05950540403986827, 0.05950540403986827, 0.05950540403986827, 0.0595157801305294, 0.0595157801305294, 0.054053374551730156, 0.0541696569933785, 0.05376081842407341, 0.05274323722595616, 0.051956699955555935, 0.04768463674049223, 0.049174775806292835, 0.049174775806292835, 0.049174775806292835, 0.04201706550586403, 0.04201706550586403, 0.04201706550586403, 0.04201706550586403, 0.035940536063394875, 0.035940536063394875, 0.035940536063394875, 0.035940536063394875, 0.036785480741646094, 0.036785480741646094, 0.036785480741646094, 0.036785480741646094, 0.03011808057728771, 0.03112364545723899, 0.03112364545723899, 0.03112364545723899, 0.011003640838032869, 0.010969520165418623, 0.010969520165418623, 0.006668690582397045, 0.0068470906289468565
Occupy-Asia-South-America, 0.08333333333333333, 0.08333333333333333, 0.08249158330244728, 0.08249158330244728, 0.08249158330244728, 0.08249158330244728, 0.08249158330244728, 0.08249158330244728, 0.08165000502189981, 0.08165000502189981, 0.08165000502189981, 0.08165000502189981, 0.08165000502189981, 0.08165000502189981, 0.08080877010188262, 0.08080877010188262, 0.08080877010188262, 0.08080877010188262, 0.08080877010188262, 0.08080877010188262, 0.0799680498725365, 0.0799680498725365, 0.0799680498725365, 0.0799680498725365, 0.0799680498725365, 0.0799680498725365, 0.08078679182817998, 0.08078679182817998, 0.08078679182817998, 0.08078679182817998, 0.08078679182817998, 0.08078679182817998, 0.08160558937063397, 0.08160558937063397, 0.08160558937063397, 0.08160558937063397, 0.08160558937063397, 0.08160558937063397, 0.08242427542142373, 0.08242427542142373, 0.08242427542142373, 0.08242427542142373, 0.08242427542142373, 0.08242427542142373, 0.08324268299305855, 0.08324268299305855, 0.08324268299305855, 0.08324268299305855, 0.08324268299305855, 0.08324268299305855, 0.08406064532522252, 0.08406064532522252, 0.08406064532522252, 0.08406064532522252, 0.08406064532522252, 0.08406064532522252, 0.08487799602057183, 0.08487799602057183, 0.08487799602057183, 0.08487799602057183, 0.08487799602057183, 0.08487799602057183, 0.08569456917990348, 0.08569456917990348, 0.08569456917990348, 0.08569456917990348, 0.08569456917990348, 0.08569456917990348, 0.08651019953646265, 0.08651019953646265, 0.08651019953646265, 0.08651019953646265, 0.08651019953646265, 0.08651019953646265, 0.08596022333501593, 0.08596022333501593, 0.08596022333501593, 0.08596022333501593, 0.08596022333501593, 0.0870560471170889, 0.08773708904280536, 0.08773708904280536, 0.08887238566534172, 0.08887238566534172, 0.08887238566534172, 0.0894912762865419, 0.09584067731840072, 0.09584067731840072, 0.09584067731840072, 0.09584067731840072, 0.09584067731840072, 0.09401263037424391, 0.10620852212556707, 0.10620852212556707, 0.10620852212556707, 0.10620852212556707, 0.10449986520421842, 0.10364877495991497, 0.10187148050805077, 0.10187148050805077, 0.10187148050805077, 0.10043351619306043, 0.10043351619306043, 0.10043351619306043, 0.1007904603707534, 0.1007904603707534, 0.1007904603707534, 0.1007904603707534, 0.1007904603707534, 0.13641442345183802, 0.13641442345183802, 0.13641442345183802, 0.13641442345183802, 0.13641442345183802, 0.16185013878216398, 0.16185013878216398, 0.16185013878216398, 0.16181360973271072, 0.16181360973271072, 0.1676658198230945, 0.16802651128910726, 0.17016158102516624, 0.17368517469974887, 0.17458681517221558, 0.19195486384326518, 0.1863121954354563, 0.1863121954354563, 0.1863121954354563, 0.21689744086985605, 0.21689744086985605, 0.21689744086985605, 0.21689744086985605, 0.2476306949957123, 0.2476306949957123, 0.2476306949957123, 0.2476306949957123, 0.24359534989521578, 0.24359534989521578, 0.24359534989521578, 0.24359534989521578, 0.26465700303934575, 0.2626628953025193, 0.2626628953025193, 0.2626628953025193, 0.3886989782014683, 0.3874936798119695, 0.3874936798119695, 0.4442681020400429, 0.43808946525495424
Occupy-Europe-South-America-Asia, 0.08333333333333333, 0.08333333333333333, 0.08249158330244728, 0.08249158330244728, 0.08249158330244728, 0.08249158330244728, 0.08249158330244728, 0.08249158330244728, 0.08165000502189981, 0.08165000502189981, 0.08165000502189981, 0.08165000502189981, 0.08165000502189981, 0.08165000502189981, 0.08080877010188262, 0.08080877010188262, 0.08080877010188262, 0.08080877010188262, 0.08080877010188262, 0.08080877010188262, 0.0799680498725365, 0.0799680498725365, 0.0799680498725365, 0.0799680498725365, 0.0799680498725365, 0.0799680498725365, 0.08078679182817998, 0.08078679182817998, 0.08078679182817998, 0.08078679182817998, 0.08078679182817998, 0.08078679182817998, 0.08160558937063397, 0.08160558937063397, 0.08160558937063397, 0.08160558937063397, 0.08160558937063397, 0.08160558937063397, 0.08242427542142373, 0.08242427542142373, 0.08242427542142373, 0.08242427542142373, 0.08242427542142373, 0.08242427542142373, 0.08324268299305855, 0.08324268299305855, 0.08324268299305855, 0.08324268299305855, 0.08324268299305855, 0.08324268299305855, 0.08406064532522252, 0.08406064532522252, 0.08406064532522252, 0.08406064532522252, 0.08406064532522252, 0.08406064532522252, 0.08487799602057183, 0.08487799602057183, 0.08487799602057183, 0.08487799602057183, 0.08487799602057183, 0.08487799602057183, 0.08569456917990348, 0.08569456917990348, 0.08569456917990348, 0.08569456917990348, 0.08569456917990348, 0.08569456917990348, 0.08651019953646265, 0.08651019953646265, 0.08651019953646265, 0.08651019953646265, 0.08651019953646265, 0.08651019953646265, 0.08596022333501593, 0.08596022333501593, 0.08596022333501593, 0.08596022333501593, 0.08596022333501593, 0.0870560471170889, 0.06479897934502779, 0.06479897934502779, 0.06432471440325649, 0.06432471440325649, 0.06432471440325649, 0.06477265964696204, 0.06936827621501526, 0.06936827621501526, 0.06936827621501526, 0.06936827621501526, 0.06936827621501526, 0.06804515884038524, 0.07687239182084107, 0.07687239182084107, 0.07687239182084107, 0.07687239182084107, 0.07563568744235423, 0.07501967903337138, 0.07373329567400982, 0.07373329567400982, 0.07373329567400982, 0.07269251519769705, 0.07269251519769705, 0.07269251519769705, 0.0729508669018413, 0.0729508669018413, 0.0729508669018413, 0.0729508669018413, 0.0729508669018413, 0.08787383686322235, 0.08787383686322235, 0.08787383686322235, 0.08787383686322235, 0.08787383686322235, 0.09247294848578244, 0.09247294848578244, 0.09247294848578244, 0.0924520776423359, 0.0924520776423359, 0.11876666472457936, 0.11664172080961963, 0.11576138231563732, 0.11815849259182824, 0.11877188103600964, 0.1280761149975194, 0.12431121405454824, 0.12431121405454824, 0.12431121405454824, 0.13655320818798566, 0.13655320818798566, 0.13655320818798566, 0.13655320818798566, 0.14569298018656013, 0.14569298018656013, 0.14569298018656013, 0.14569298018656013, 0.13207387247350905, 0.13207387247350905, 0.13207387247350905, 0.13207387247350905, 0.14599281945451675, 0.14489280922447548, 0.14489280922447548, 0.14489280922447548, 0.11318778458256393, 0.11283680590209622, 0.11283680590209622, 0.11607977431355024, 0.11446540055976259
Occupy-North-America-Africa, 0.08333333333333333, 0.08333333333333333, 0.08249158330244728, 0.08249158330244728, 0.08249158330244728, 0.08249158330244728, 0.08249158330244728, 0.08249158330244728, 0.08165000502189981, 0.08165000502189981, 0.08165000502189981, 0.08165000502189981, 0.08165000502189981, 0.08165000502189981, 0.08080877010188262, 0.08080877010188262, 0.08080877010188262, 0.08080877010188262, 0.08080877010188262, 0.08080877010188262, 0.0799680498725365, 0.0799680498725365, 0.0799680498725365, 0.0799680498725365, 0.0799680498725365, 0.0799680498725365, 0.07917105753250216, 0.07917105753250216, 0.07917105753250216, 0.07917105753250216, 0.07917105753250216, 0.07917105753250216, 0.07837401108230296, 0.07837401108230296, 0.07837401108230296, 0.07837401108230296, 0.07837401108230296, 0.07837401108230296, 0.07757707316202797, 0.07757707316202797, 0.07757707316202797, 0.07757707316202797, 0.07757707316202797, 0.07757707316202797, 0.07678040632319914, 0.07678040632319914, 0.07678040632319914, 0.07678040632319914, 0.07678040632319914, 0.07678040632319914, 0.07598417289619837, 0.07598417289619837, 0.07598417289619837, 0.07598417289619837, 0.07598417289619837, 0.07598417289619837, 0.07518853485807785, 0.07518853485807785, 0.07518853485807785, 0.07518853485807785, 0.07518853485807785, 0.07518853485807785, 0.07439365370098185, 0.07439365370098185, 0.07439365370098185, 0.07439365370098185, 0.07439365370098185, 0.07439365370098185, 0.07359969030140713, 0.07359969030140713, 0.07359969030140713, 0.07359969030140713, 0.07359969030140713, 0.07359969030140713, 0.07462427488746769, 0.07462427488746769, 0.07462427488746769, 0.07462427488746769, 0.07462427488746769, 0.07258279717771028, 0.08892373492556166, 0.08892373492556166, 0.09007438645760707, 0.09007438645760707, 0.09007438645760707, 0.08888761636508775, 0.08104993351564861, 0.08104993351564861, 0.08104993351564861, 0.08104993351564861, 0.08104993351564861, 0.08278217339165245, 0.0651622128344958, 0.0651622128344958, 0.0651622128344958, 0.0651622128344958, 0.06678420684000642, 0.06759212986841591, 0.06510444785791654, 0.06510444785791654, 0.06510444785791654, 0.06549537389408004, 0.06549537389408004, 0.06549537389408004, 0.06441358502946799, 0.06441358502946799, 0.06441358502946799, 0.06441358502946799, 0.06441358502946799, 0.06093503775280905, 0.06093503775280905, 0.06093503775280905, 0.06093503775280905, 0.06093503775280905, 0.06285442586749111, 0.06285442586749111, 0.06285442586749111, 0.06286538593459387, 0.06286538593459387, 0.04333619604543037, 0.04431573702840774, 0.044878845720212356, 0.04402938191112638, 0.04337279062687461, 0.0398065267277003, 0.041888239816554367, 0.041888239816554367, 0.041888239816554367, 0.037678556964376754, 0.037678556964376754, 0.037678556964376754, 0.037678556964376754, 0.031381452103872706, 0.031381452103872706, 0.031381452103872706, 0.031381452103872706, 0.03412507188128265, 0.03412507188128265, 0.03412507188128265, 0.03412507188128265, 0.027345407735702904, 0.02713936864168229, 0.02713936864168229, 0.02713936864168229, 0.033575835065015026, 0.03414115512470418, 0.03414115512470418, 0.031824184648833284, 0.032675541591041406
yura
LOSER
Conquer the continents of NORTH AMERICA and AFRICA., Turn 1, Turn 2, Turn 3, Turn 4, Turn 5, Turn 6, Turn 7, Turn 8, Turn 9, Turn 10, Turn 11, Turn 12, Turn 13, Turn 14, Turn 15, Turn 16, Turn 17, Turn 18, Turn 19, Turn 20, Turn 21, Turn 22, Turn 23, Turn 24, Turn 25, Turn 26, Turn 27, Turn 28, Turn 29, Turn 30, Turn 31, Turn 32, Turn 33, Turn 34, Turn 35, Turn 36, Turn 37, Turn 38, Turn 39, Turn 40, Turn 41, Turn 42, Turn 43, Turn 44, Turn 45, Turn 46, Turn 47, Turn 48, Turn 49, Turn 50, Turn 51, Turn 52, Turn 53, Turn 54, Turn 55, Turn 56, Turn 57, Turn 58, Turn 59, Turn 60, Turn 61, Turn 62, Turn 63, Turn 64, Turn 65, Turn 66, Turn 67, Turn 68, Turn 69, Turn 70, Turn 71, Turn 72, Turn 73, Turn 74, Turn 75, Turn 76, Turn 77, Turn 78, Turn 79, Turn 80, Turn 81, Turn 82, Turn 83, Turn 84, Turn 85, Turn 86, Turn 87, Turn 88, Turn 89, Turn 90, Turn 91, Turn 92, Turn 93, Turn 94, Turn 95, Turn 96, Turn 97, Turn 98, Turn 99, Turn 100, Turn 101, Turn 102, Turn 103, Turn 104, Turn 105, Turn 106, Turn 107, Turn 108, Turn 109, Turn 110, Turn 111, Turn 112, Turn 113, Turn 114, Turn 115, Turn 116, Turn 117, Turn 118, Turn 119, Turn 120, Turn 121, Turn 122, Turn 123, Turn 124, Turn 125, Turn 126, Turn 127, Turn 128, Turn 129, Turn 130, Turn 131, Turn 132, Turn 133, Turn 134, Turn 135, Turn 136, Turn 137, Turn 138, Turn 139, Turn 140, Turn 141, Turn 142, Turn 143, Turn 144, Turn 145, Turn 146, Turn 147, Turn 148, Turn 149
Occupy-Europe-Australia-Asia, 0.08333333333333333, 0.08333333333333333, 0.08333333333333333, 0.0827702708145055, 0.0827702708145055, 0.0827702708145055, 0.0827702708145055, 0.0827702708145055, 0.0827702708145055, 0.08220350698432313, 0.08220350698432313, 0.08220350698432313, 0.08220350698432313, 0.08220350698432313, 0.08220350698432313, 0.08163312201511416, 0.08163312201511416, 0.08163312201511416, 0.08163312201511416, 0.08163312201511416, 0.08163312201511416, 0.08105919859403225, 0.08105919859403225, 0.08105919859403225, 0.08105919859403225, 0.08105919859403225, 0.08105919859403225, 0.08048182189019053, 0.08048182189019053, 0.08048182189019053, 0.08048182189019053, 0.08048182189019053, 0.08048182189019053, 0.07990107951832677, 0.07990107951832677, 0.07990107951832677, 0.07990107951832677, 0.07990107951832677, 0.07990107951832677, 0.07931706149900244, 0.07931706149900244, 0.07931706149900244, 0.07931706149900244, 0.07931706149900244, 0.07931706149900244, 0.07872986021534305, 0.07872986021534305, 0.07872986021534305, 0.07872986021534305, 0.07872986021534305, 0.07872986021534305, 0.07813957036633759, 0.07813957036633759, 0.07813957036633759, 0.07813957036633759, 0.07813957036633759, 0.07813957036633759, 0.07754628891672169, 0.07754628891672169, 0.07754628891672169, 0.07754628891672169, 0.07754628891672169, 0.07754628891672169, 0.07695011504347735, 0.07695011504347735, 0.07695011504347735, 0.07695011504347735, 0.07695011504347735, 0.07695011504347735, 0.07635115007899068, 0.07635115007899068, 0.07635115007899068, 0.07635115007899068, 0.07635115007899068, 0.07635115007899068, 0.07574949745091737, 0.07574949745091737, 0.07574949745091737, 0.07574949745091737, 0.07624624046748193, 0.07624624046748193, 0.020028602750864006, 0.019578694841686523, 0.019221260265363027, 0.019221260265363027, 0.019221260265363027, 0.019221260265363027, 0.01678732549386766, 0.017073397813536183, 0.017073397813536183, 0.017073397813536183, 0.017146734672063173, 0.017146734672063173, 0.015088650775408165, 0.014835010316422844, 0.014835010316422844, 0.014835010316422844, 0.014835010316422844, 0.014835010316422844, 0.015773029675776627, 0.015514557970326756, 0.015514557970326756, 0.015514557970326756, 0.015514557970326756, 0.015514557970326756, 0.012930178517797144, 0.012930178517797144, 0.012930178517797144, 0.012930178517797144, 0.012930178517797144, 0.014263049003469978, 0.014205053800307461, 0.01445662016609374, 0.01445662016609374, 0.01445662016609374, 0.013872434202868052, 0.013725683239057469, 0.013725683239057469, 0.01393447932593864, 0.01393447932593864, 0.017551994651870927, 0.017007973172535537, 0.017007973172535537, 0.017007973172535537, 0.017007973172535537, 0.028392190508372755, 0.029367807794253842, 0.029367807794253842, 0.029346904232656203, 0.008989955468528814, 0.009156567181768622, 0.009156567181768622, 0.008727792652705636, 0.005916109794785452, 0.006028886682880429, 0.006028886682880429, 0.006080323666451791, 0.004342691524751387, 0.004424746479048629, 0.004424746479048629, 0.004424746479048629, 0.004970409049220512, 0.004970409049220512, 0.004933845272428079, 0.00526288481039899, 0.00526288481039899, 0.00526288481039899, 0.00526288481039899, 0.00526288481039899
Occupy-Europe-South-America-North-America, 0.08333333333333333, 0.08333333333333333, 0.08333333333333333, 0.08445945837098895, 0.08445945837098895, 0.08445945837098895, 0.08445945837098895, 0.08445945837098895, 0.08445945837098895, 0.08559298603135368, 0.08559298603135368, 0.08559298603135368, 0.08559298603135368, 0.08559298603135368, 0.08559298603135368, 0.08673375596977172, 0.08673375596977172, 0.08673375596977172, 0.08673375596977172, 0.08673375596977172, 0.08673375596977172, 0.08788160281193548, 0.08788160281193548, 0.08788160281193548, 0.08788160281193548, 0.08788160281193548, 0.08788160281193548, 0.089036356219619, 0.089036356219619, 0.089036356219619, 0.089036356219619, 0.089036356219619, 0.089036356219619, 0.09019784096334643, 0.09019784096334643, 0.09019784096334643, 0.09019784096334643, 0.09019784096334643, 0.09019784096334643, 0.09136587700199508, 0.09136587700199508, 0.09136587700199508, 0.09136587700199508, 0.09136587700199508, 0.09136587700199508, 0.09254027956931393, 0.09254027956931393, 0.09254027956931393, 0.09254027956931393, 0.09254027956931393, 0.09254027956931393, 0.09372085926732485, 0.09372085926732485, 0.09372085926732485, 0.09372085926732485, 0.09372085926732485, 0.09372085926732485, 0.09490742216655661, 0.09490742216655661, 0.09490742216655661, 0.09490742216655661, 0.09490742216655661, 0.09490742216655661, 0.0960997699130453, 0.0960997699130453, 0.0960997699130453, 0.0960997699130453, 0.0960997699130453, 0.0960997699130453, 0.09729769984201866, 0.09729769984201866, 0.09729769984201866, 0.09729769984201866, 0.09729769984201866, 0.09729769984201866, 0.09850100509816528, 0.09850100509816528, 0.09850100509816528, 0.09850100509816528, 0.09914694583775643, 0.09914694583775643, 0.12970763944979175, 0.12679398173761383, 0.12701958165749364, 0.12701958165749364, 0.12701958165749364, 0.12701958165749364, 0.12518148217366676, 0.12476840463292935, 0.12476840463292935, 0.12476840463292935, 0.12279824899567131, 0.12279824899567131, 0.12198651936171914, 0.12233464022848375, 0.12233464022848375, 0.12233464022848375, 0.12233464022848375, 0.12233464022848375, 0.13596152154667313, 0.13635363296285327, 0.13635363296285327, 0.13635363296285327, 0.13635363296285327, 0.13635363296285327, 0.13118736354400548, 0.13118736354400548, 0.13118736354400548, 0.13118736354400548, 0.13118736354400548, 0.13654578959429653, 0.13871038763614071, 0.13834356316268054, 0.13834356316268054, 0.13834356316268054, 0.1660776703471607, 0.16432080072828564, 0.16432080072828564, 0.15701009216039555, 0.15701009216039555, 0.15792406040440599, 0.15302922749977665, 0.15302922749977665, 0.15302922749977665, 0.15302922749977665, 0.09277209798705915, 0.09212307433571269, 0.09212307433571269, 0.09213119259670341, 0.07911258719355413, 0.07896721418388558, 0.07896721418388558, 0.07840434572751094, 0.07987995741001877, 0.0797746310980718, 0.0797746310980718, 0.08045524869880642, 0.07860053034557071, 0.07848397156254178, 0.07848397156254178, 0.07848397156254178, 0.07351938497496677, 0.07351938497496677, 0.0729785549636897, 0.07326758065930233, 0.07326758065930233, 0.07326758065930233, 0.07326758065930233, 0.07326758065930233
Occupy-Asia-Africa, 0.08333333333333333, 0.08333333333333333, 0.08333333333333333, 0.0827702708145055, 0.0827702708145055, 0.0827702708145055, 0.0827702708145055, 0.0827702708145055, 0.0827702708145055, 0.08220350698432313, 0.08220350698432313, 0.08220350698432313, 0.08220350698432313, 0.08220350698432313, 0.08220350698432313, 0.08163312201511416, 0.08163312201511416, 0.08163312201511416, 0.08163312201511416, 0.08163312201511416, 0.08163312201511416, 0.08105919859403225, 0.08105919859403225, 0.08105919859403225, 0.08105919859403225, 0.08105919859403225, 0.08105919859403225, 0.08048182189019053, 0.08048182189019053, 0.08048182189019053, 0.08048182189019053, 0.08048182189019053, 0.08048182189019053, 0.07990107951832677, 0.07990107951832677, 0.07990107951832677, 0.07990107951832677, 0.07990107951832677, 0.07990107951832677, 0.07931706149900244, 0.07931706149900244, 0.07931706149900244, 0.07931706149900244, 0.07931706149900244, 0.07931706149900244, 0.07872986021534305, 0.07872986021534305, 0.07872986021534305, 0.07872986021534305, 0.07872986021534305, 0.07872986021534305, 0.07813957036633759, 0.07813957036633759, 0.07813957036633759, 0.07813957036633759, 0.07813957036633759, 0.07813957036633759, 0.07754628891672169, 0.07754628891672169, 0.07754628891672169, 0.07754628891672169, 0.07754628891672169, 0.07754628891672169, 0.07695011504347735, 0.07695011504347735, 0.07695011504347735, 0.07695011504347735, 0.07695011504347735, 0.07695011504347735, 0.07635115007899068, 0.07635115007899068, 0.07635115007899068, 0.07635115007899068, 0.07635115007899068, 0.07635115007899068, 0.07574949745091737, 0.07574949745091737, 0.07574949745091737, 0.07574949745091737, 0.07472131711241391, 0.07472131711241391, 0.03241478016580476, 0.03299316636504797, 0.032390833138210375, 0.032390833138210375, 0.032390833138210375, 0.032390833138210375, 0.028289271952086678, 0.028771348602832706, 0.028771348602832706, 0.028771348602832706, 0.02889493269225419, 0.02889493269225419, 0.025956462810345637, 0.02552013425858529, 0.02552013425858529, 0.02552013425858529, 0.02552013425858529, 0.02552013425858529, 0.02273828231815142, 0.022365671429147697, 0.022365671429147697, 0.022365671429147697, 0.022365671429147697, 0.022365671429147697, 0.01985570460774703, 0.01985570460774703, 0.01985570460774703, 0.01985570460774703, 0.01985570460774703, 0.01869233282550015, 0.018616327643190777, 0.01894601607347203, 0.01894601607347203, 0.01894601607347203, 0.01936539379916485, 0.01955156594656949, 0.01955156594656949, 0.01984898578286779, 0.01984898578286779, 0.02208220700747436, 0.022734756581599715, 0.022734756581599715, 0.022734756581599715, 0.022734756581599715, 0.037461190840125454, 0.038748438659998274, 0.038748438659998274, 0.038720858107169256, 0.026206190502425012, 0.026691872362850547, 0.026691872362850547, 0.02494311044602187, 0.01814476027229001, 0.018490647970409117, 0.018490647970409117, 0.019028984983785822, 0.014039151221901521, 0.01430442033100573, 0.01430442033100573, 0.01430442033100573, 0.016068450609258822, 0.016068450609258822, 0.016269251029904765, 0.017007167278120766, 0.017007167278120766, 0.017007167278120766, 0.017007167278120766, 0.017007167278120766
Occupy-Europe-South-America-Africa, 0.08333333333333333, 0.08333333333333333, 0.08333333333333333, 0.0827702708145055, 0.0827702708145055, 0.0827702708145055, 0.0827702708145055, 0.0827702708145055, 0.0827702708145055, 0.08220350698432313, 0.08220350698432313, 0.08220350698432313, 0.08220350698432313, 0.08220350698432313, 0.08220350698432313, 0.08163312201511416, 0.08163312201511416, 0.08163312201511416, 0.08163312201511416, 0.08163312201511416, 0.08163312201511416, 0.08105919859403225, 0.08105919859403225, 0.08105919859403225, 0.08105919859403225, 0.08105919859403225, 0.08105919859403225, 0.08048182189019053, 0.08048182189019053, 0.08048182189019053, 0.08048182189019053, 0.08048182189019053, 0.08048182189019053, 0.07990107951832677, 0.07990107951832677, 0.07990107951832677, 0.07990107951832677, 0.07990107951832677, 0.07990107951832677, 0.07931706149900244, 0.07931706149900244, 0.07931706149900244, 0.07931706149900244, 0.07931706149900244, 0.07931706149900244, 0.07872986021534305, 0.07872986021534305, 0.07872986021534305, 0.07872986021534305, 0.07872986021534305, 0.07872986021534305, 0.07813957036633759, 0.07813957036633759, 0.07813957036633759, 0.07813957036633759, 0.07813957036633759, 0.07813957036633759, 0.07754628891672169, 0.07754628891672169, 0.07754628891672169, 0.07754628891672169, 0.07754628891672169, 0.07754628891672169, 0.07695011504347735, 0.07695011504347735, 0.07695011504347735, 0.07695011504347735, 0.07695011504347735, 0.07695011504347735, 0.07635115007899068, 0.07635115007899068, 0.07635115007899068, 0.07635115007899068, 0.07635115007899068, 0.07635115007899068, 0.07574949745091737, 0.07574949745091737, 0.07574949745091737, 0.07574949745091737, 0.07472131711241391, 0.07472131711241391, 0.02342062882873029, 0.022894524922280737, 0.022935260317741707, 0.022935260317741707, 0.022935260317741707, 0.022935260317741707, 0.019213438896301203, 0.019540854543056974, 0.019540854543056974, 0.019540854543056974, 0.019232294656857368, 0.019232294656857368, 0.016923885698183046, 0.01663939491102145, 0.01663939491102145, 0.01663939491102145, 0.01663939491102145, 0.01663939491102145, 0.018825900852232878, 0.018517401927173497, 0.018517401927173497, 0.018517401927173497, 0.018517401927173497, 0.018517401927173497, 0.015097319629666981, 0.015097319629666981, 0.015097319629666981, 0.015097319629666981, 0.015097319629666981, 0.016180730488813338, 0.01643723621949723, 0.016728333728696386, 0.016728333728696386, 0.016728333728696386, 0.020877154544640293, 0.020656303430391355, 0.020656303430391355, 0.01973729491899049, 0.01973729491899049, 0.02106953839076706, 0.020416491163280752, 0.020416491163280752, 0.020416491163280752, 0.020416491163280752, 0.009905924632928205, 0.010246313702298178, 0.010246313702298178, 0.010247216649246353, 0.007850676172860113, 0.007996173512844736, 0.007996173512844736, 0.007939177785078551, 0.00590657862778352, 0.0060191738263237595, 0.0060191738263237595, 0.0063208326800138085, 0.004514467981420115, 0.0046936413819891306, 0.0046936413819891306, 0.0046936413819891306, 0.0033439932687670043, 0.0033439932687670043, 0.0033857816945047484, 0.003613025641713255, 0.003613025641713255, 0.003613025641713255, 0.003613025641713255, 0.003613025641713255
Occupy-Europe-South-America-Australia, 0.08333333333333333, 0.08333333333333333, 0.08333333333333333, 0.0827702708145055, 0.0827702708145055, 0.0827702708145055, 0.0827702708145055, 0.0827702708145055, 0.0827702708145055, 0.08220350698432313, 0.08220350698432313, 0.08220350698432313, 0.08220350698432313, 0.08220350698432313, 0.08220350698432313, 0.08163312201511416, 0.08163312201511416, 0.08163312201511416, 0.08163312201511416, 0.08163312201511416, 0.08163312201511416, 0.08105919859403225, 0.08105919859403225, 0.08105919859403225, 0.08105919859403225, 0.08105919859403225, 0.08105919859403225, 0.08048182189019053, 0.08048182189019053, 0.08048182189019053, 0.08048182189019053, 0.08048182189019053, 0.08048182189019053, 0.07990107951832677, 0.07990107951832677, 0.07990107951832677, 0.07990107951832677, 0.07990107951832677, 0.07990107951832677, 0.07931706149900244, 0.07931706149900244, 0.07931706149900244, 0.07931706149900244, 0.07931706149900244, 0.07931706149900244, 0.07872986021534305, 0.07872986021534305, 0.07872986021534305, 0.07872986021534305, 0.07872986021534305, 0.07872986021534305, 0.07813957036633759, 0.07813957036633759, 0.07813957036633759, 0.07813957036633759, 0.07813957036633759, 0.07813957036633759, 0.07754628891672169, 0.07754628891672169, 0.07754628891672169, 0.07754628891672169, 0.07754628891672169, 0.07754628891672169, 0.07695011504347735, 0.07695011504347735, 0.07695011504347735, 0.07695011504347735, 0.07695011504347735, 0.07695011504347735, 0.07635115007899068, 0.07635115007899068, 0.07635115007899068, 0.07635115007899068, 0.07635115007899068, 0.07635115007899068, 0.07574949745091737, 0.07574949745091737, 0.07574949745091737, 0.07574949745091737, 0.07624624046748193, 0.07624624046748193, 0.023898600380510886, 0.02336175967009238, 0.02340332639934559, 0.02340332639934559, 0.02340332639934559, 0.02340332639934559, 0.019605549512607165, 0.019939647104835086, 0.019939647104835086, 0.019939647104835086, 0.019624790084228773, 0.019624790084228773, 0.017269270784487593, 0.0169789740685441, 0.0169789740685441, 0.0169789740685441, 0.0169789740685441, 0.0169789740685441, 0.01921010253656045, 0.018895307721198053, 0.018895307721198053, 0.018895307721198053, 0.018895307721198053, 0.018895307721198053, 0.015405427893705873, 0.015405427893705873, 0.015405427893705873, 0.015405427893705873, 0.015405427893705873, 0.016510949157032617, 0.016772689693452605, 0.01706972796236444, 0.01706972796236444, 0.01706972796236444, 0.022130451475713617, 0.021896342231717138, 0.021896342231717138, 0.02092216381943222, 0.02092216381943222, 0.022830704160776892, 0.022123069860621132, 0.022123069860621132, 0.022123069860621132, 0.022123069860621132, 0.015978844954147208, 0.01652791274590786, 0.01652791274590786, 0.01652936925298028, 0.007526267788694828, 0.007665752836753829, 0.007665752836753829, 0.007763334407323954, 0.005775754912154599, 0.005885856260504524, 0.005885856260504524, 0.006057217171464232, 0.0046135889790978905, 0.0047966963639801885, 0.0047966963639801885, 0.0047966963639801885, 0.004051644581270198, 0.004051644581270198, 0.004021839503530155, 0.004379360960524308, 0.004379360960524308, 0.004379360960524308, 0.004379360960524308, 0.004379360960524308
Occupy-Europe-Australia-South-America, 0.08333333333333333, 0.08333333333333333, 0.08333333333333333, 0.0827702708145055, 0.0827702708145055, 0.0827702708145055, 0.0827702708145055, 0.0827702708145055, 0.0827702708145055, 0.08220350698432313, 0.08220350698432313, 0.08220350698432313, 0.08220350698432313, 0.08220350698432313, 0.08220350698432313, 0.08163312201511416, 0.08163312201511416, 0.08163312201511416, 0.08163312201511416, 0.08163312201511416, 0.08163312201511416, 0.08105919859403225, 0.08105919859403225, 0.08105919859403225, 0.08105919859403225, 0.08105919859403225, 0.08105919859403225, 0.08048182189019053, 0.08048182189019053, 0.08048182189019053, 0.08048182189019053, 0.08048182189019053, 0.08048182189019053, 0.07990107951832677, 0.07990107951832677, 0.07990107951832677, 0.07990107951832677, 0.07990107951832677, 0.07990107951832677, 0.07931706149900244, 0.07931706149900244, 0.07931706149900244, 0.07931706149900244, 0.07931706149900244, 0.07931706149900244, 0.07872986021534305, 0.07872986021534305, 0.07872986021534305, 0.07872986021534305, 0.07872986021534305, 0.07872986021534305, 0.07813957036633759, 0.07813957036633759, 0.07813957036633759, 0.07813957036633759, 0.07813957036633759, 0.07813957036633759, 0.07754628891672169, 0.07754628891672169, 0.07754628891672169, 0.07754628891672169, 0.07754628891672169, 0.07754628891672169, 0.07695011504347735, 0.07695011504347735, 0.07695011504347735, 0.07695011504347735, 0.07695011504347735, 0.07695011504347735, 0.07635115007899068, 0.07635115007899068, 0.07635115007899068, 0.07635115007899068, 0.07635115007899068, 0.07635115007899068, 0.07574949745091737, 0.07574949745091737, 0.07574949745091737, 0.07574949745091737, 0.07624624046748193, 0.07624624046748193, 0.023898600380510886, 0.02336175967009238, 0.02340332639934559, 0.02340332639934559, 0.02340332639934559, 0.02340332639934559, 0.019605549512607165, 0.019939647104835086, 0.019939647104835086, 0.019939647104835086, 0.019624790084228773, 0.019624790084228773, 0.017269270784487593, 0.0169789740685441, 0.0169789740685441, 0.0169789740685441, 0.0169789740685441, 0.0169789740685441, 0.01921010253656045, 0.018895307721198053, 0.018895307721198053, 0.018895307721198053, 0.018895307721198053, 0.018895307721198053, 0.015405427893705873, 0.015405427893705873, 0.015405427893705873, 0.015405427893705873, 0.015405427893705873, 0.016510949157032617, 0.016772689693452605, 0.01706972796236444, 0.01706972796236444, 0.01706972796236444, 0.022130451475713617, 0.021896342231717138, 0.021896342231717138, 0.02092216381943222, 0.02092216381943222, 0.022830704160776892, 0.022123069860621132, 0.022123069860621132, 0.022123069860621132, 0.022123069860621132, 0.015978844954147208, 0.01652791274590786, 0.01652791274590786, 0.01652936925298028, 0.007526267788694828, 0.007665752836753829, 0.007665752836753829, 0.007763334407323954, 0.005775754912154599, 0.005885856260504524, 0.005885856260504524, 0.006057217171464232, 0.0046135889790978905, 0.0047966963639801885, 0.0047966963639801885, 0.0047966963639801885, 0.004051644581270198, 0.004051644581270198, 0.004021839503530155, 0.004379360960524308, 0.004379360960524308, 0.004379360960524308, 0.004379360960524308, 0.004379360960524308
Occupy-Europe-Australia-Africa, 0.08333333333333333, 0.08333333333333333, 0.08333333333333333, 0.0827702708145055, 0.0827702708145055, 0.0827702708145055, 0.0827702708145055, 0.0827702708145055, 0.0827702708145055, 0.08220350698432313, 0.08220350698432313, 0.08220350698432313, 0.08220350698432313, 0.08220350698432313, 0.08220350698432313, 0.08163312201511416, 0.08163312201511416, 0.08163312201511416, 0.08163312201511416, 0.08163312201511416, 0.08163312201511416, 0.08105919859403225, 0.08105919859403225, 0.08105919859403225, 0.08105919859403225, 0.08105919859403225, 0.08105919859403225, 0.08048182189019053, 0.08048182189019053, 0.08048182189019053, 0.08048182189019053, 0.08048182189019053, 0.08048182189019053, 0.07990107951832677, 0.07990107951832677, 0.07990107951832677, 0.07990107951832677, 0.07990107951832677, 0.07990107951832677, 0.07931706149900244, 0.07931706149900244, 0.07931706149900244, 0.07931706149900244, 0.07931706149900244, 0.07931706149900244, 0.07872986021534305, 0.07872986021534305, 0.07872986021534305, 0.07872986021534305, 0.07872986021534305, 0.07872986021534305, 0.07813957036633759, 0.07813957036633759, 0.07813957036633759, 0.07813957036633759, 0.07813957036633759, 0.07813957036633759, 0.07754628891672169, 0.07754628891672169, 0.07754628891672169, 0.07754628891672169, 0.07754628891672169, 0.07754628891672169, 0.07695011504347735, 0.07695011504347735, 0.07695011504347735, 0.07695011504347735, 0.07695011504347735, 0.07695011504347735, 0.07635115007899068, 0.07635115007899068, 0.07635115007899068, 0.07635115007899068, 0.07635115007899068, 0.07635115007899068, 0.07574949745091737, 0.07574949745091737, 0.07574949745091737, 0.07574949745091737, 0.07472131711241391, 0.07472131711241391, 0.033871444360910045, 0.0331105809645565, 0.03316949341694904, 0.03316949341694904, 0.03316949341694904, 0.03316949341694904, 0.0295605435139047, 0.03006428386592052, 0.03006428386592052, 0.03006428386592052, 0.030193421613231852, 0.030193421613231852, 0.02712290191390644, 0.026666965502304324, 0.026666965502304324, 0.026666965502304324, 0.026666965502304324, 0.026666965502304324, 0.03004633395247932, 0.02955396645309266, 0.02955396645309266, 0.02955396645309266, 0.02955396645309266, 0.02955396645309266, 0.025166389662622916, 0.025166389662622916, 0.025166389662622916, 0.025166389662622916, 0.025166389662622916, 0.02855898543165732, 0.02844286130126827, 0.028946574089034578, 0.028946574089034578, 0.028946574089034578, 0.026607435725381642, 0.026325966245683508, 0.026325966245683508, 0.026726438749654968, 0.026726438749654968, 0.02969471349427836, 0.028774330239610735, 0.028774330239610735, 0.028774330239610735, 0.028774330239610735, 0.020782855383762764, 0.021496999400103682, 0.021496999400103682, 0.021498893803356133, 0.015336306395427043, 0.015620535643531525, 0.015620535643531525, 0.01581937800561946, 0.011246200131881878, 0.011460582808634238, 0.011460582808634238, 0.011794246395255429, 0.008423692005757051, 0.008758017456337109, 0.008758017456337109, 0.008758017456337109, 0.006239665334065999, 0.006239665334065999, 0.006317639710951372, 0.0067416615512513245, 0.0067416615512513245, 0.0067416615512513245, 0.0067416615512513245, 0.0067416615512513245
Occupy-North-America-Australia, 0.08333333333333333, 0.08333333333333333, 0.08333333333333333, 0.08445945837098895, 0.08445945837098895, 0.08445945837098895, 0.08445945837098895, 0.08445945837098895, 0.08445945837098895, 0.08559298603135368, 0.08559298603135368, 0.08559298603135368, 0.08559298603135368, 0.08559298603135368, 0.08559298603135368, 0.08673375596977172, 0.08673375596977172, 0.08673375596977172, 0.08673375596977172, 0.08673375596977172, 0.08673375596977172, 0.08788160281193548, 0.08788160281193548, 0.08788160281193548, 0.08788160281193548, 0.08788160281193548, 0.08788160281193548, 0.089036356219619, 0.089036356219619, 0.089036356219619, 0.089036356219619, 0.089036356219619, 0.089036356219619, 0.09019784096334643, 0.09019784096334643, 0.09019784096334643, 0.09019784096334643, 0.09019784096334643, 0.09019784096334643, 0.09136587700199508, 0.09136587700199508, 0.09136587700199508, 0.09136587700199508, 0.09136587700199508, 0.09136587700199508, 0.09254027956931393, 0.09254027956931393, 0.09254027956931393, 0.09254027956931393, 0.09254027956931393, 0.09254027956931393, 0.09372085926732485, 0.09372085926732485, 0.09372085926732485, 0.09372085926732485, 0.09372085926732485, 0.09372085926732485, 0.09490742216655661, 0.09490742216655661, 0.09490742216655661, 0.09490742216655661, 0.09490742216655661, 0.09490742216655661, 0.0960997699130453, 0.0960997699130453, 0.0960997699130453, 0.0960997699130453, 0.0960997699130453, 0.0960997699130453, 0.09729769984201866, 0.09729769984201866, 0.09729769984201866, 0.09729769984201866, 0.09729769984201866, 0.09729769984201866, 0.09850100509816528, 0.09850100509816528, 0.09850100509816528, 0.09850100509816528, 0.09914694583775643, 0.09914694583775643, 0.2535837504847911, 0.25810851791750256, 0.258567761015357, 0.258567761015357, 0.258567761015357, 0.258567761015357, 0.2698157951384178, 0.2689254490331267, 0.2689254490331267, 0.2689254490331267, 0.2700805880292094, 0.2700805880292094, 0.27881666592477294, 0.2796123431841785, 0.2796123431841785, 0.2796123431841785, 0.2796123431841785, 0.2796123431841785, 0.25940531502234826, 0.260153436875362, 0.260153436875362, 0.260153436875362, 0.260153436875362, 0.260153436875362, 0.2748354241494786, 0.2748354241494786, 0.2748354241494786, 0.2748354241494786, 0.2748354241494786, 0.258732456083938, 0.25768042006052716, 0.25699897517366227, 0.25699897517366227, 0.25699897517366227, 0.25207521000098343, 0.2544985732250962, 0.2544985732250962, 0.2583700239413004, 0.2583700239413004, 0.24658630649534, 0.25387315917425085, 0.25387315917425085, 0.25387315917425085, 0.25387315917425085, 0.3429908621645259, 0.34059133486514814, 0.34059133486514814, 0.34062134916251663, 0.33414764368964395, 0.3335336320593837, 0.3335336320593837, 0.337779364520032, 0.3500699414939698, 0.3496083541689818, 0.3496083541689818, 0.3455393111478882, 0.36660644199888853, 0.3660627917138067, 0.3660627917138067, 0.3660627917138067, 0.4033368279873735, 0.4033368279873735, 0.40036976479304537, 0.4019553970356836, 0.4019553970356836, 0.4019553970356836, 0.4019553970356836, 0.4019553970356836
Occupy-Europe-Australia-North-America, 0.08333333333333333, 0.08333333333333333, 0.08333333333333333, 0.08445945837098895, 0.08445945837098895, 0.08445945837098895, 0.08445945837098895, 0.08445945837098895, 0.08445945837098895, 0.08559298603135368, 0.08559298603135368, 0.08559298603135368, 0.08559298603135368, 0.08559298603135368, 0.08559298603135368, 0.08673375596977172, 0.08673375596977172, 0.08673375596977172, 0.08673375596977172, 0.08673375596977172, 0.08673375596977172, 0.08788160281193548, 0.08788160281193548, 0.08788160281193548, 0.08788160281193548, 0.08788160281193548, 0.08788160281193548, 0.089036356219619, 0.089036356219619, 0.089036356219619, 0.089036356219619, 0.089036356219619, 0.089036356219619, 0.09019784096334643, 0.09019784096334643, 0.09019784096334643, 0.09019784096334643, 0.09019784096334643, 0.09019784096334643, 0.09136587700199508, 0.09136587700199508, 0.09136587700199508, 0.09136587700199508, 0.09136587700199508, 0.09136587700199508, 0.09254027956931393, 0.09254027956931393, 0.09254027956931393, 0.09254027956931393, 0.09254027956931393, 0.09254027956931393, 0.09372085926732485, 0.09372085926732485, 0.09372085926732485, 0.09372085926732485, 0.09372085926732485, 0.09372085926732485, 0.09490742216655661, 0.09490742216655661, 0.09490742216655661, 0.09490742216655661, 0.09490742216655661, 0.09490742216655661, 0.0960997699130453, 0.0960997699130453, 0.0960997699130453, 0.0960997699130453, 0.0960997699130453, 0.0960997699130453, 0.09729769984201866, 0.09729769984201866, 0.09729769984201866, 0.09729769984201866, 0.09729769984201866, 0.09729769984201866, 0.09850100509816528, 0.09850100509816528, 0.09850100509816528, 0.09850100509816528, 0.09914694583775643, 0.09914694583775643, 0.1745379576383365, 0.17061726438928876, 0.17092083748202425, 0.17092083748202425, 0.17092083748202425, 0.17092083748202425, 0.17835611636130322, 0.17776757159699222, 0.17776757159699222, 0.17776757159699222, 0.17853115219127552, 0.17853115219127552, 0.1808284838385084, 0.1813445258475679, 0.1813445258475679, 0.1813445258475679, 0.1813445258475679, 0.1813445258475679, 0.2007610922194262, 0.20134008482916255, 0.20134008482916255, 0.20134008482916255, 0.20134008482916255, 0.20134008482916255, 0.2013080913955409, 0.2013080913955409, 0.2013080913955409, 0.2013080913955409, 0.2013080913955409, 0.22205936046571906, 0.22115644148106053, 0.22057158553349143, 0.22057158553349143, 0.22057158553349143, 0.19402816653639138, 0.19197561973535995, 0.19197561973535995, 0.19489596675774126, 0.19489596675774126, 0.20426845892578574, 0.19793718824057502, 0.19793718824057502, 0.19793718824057502, 0.19793718824057502, 0.17798363743946302, 0.17673848299370495, 0.17673848299370495, 0.1767540579095704, 0.14174229858310292, 0.14148184060450147, 0.14148184060450147, 0.14328284052027568, 0.14094572427606314, 0.14075987924304076, 0.14075987924304076, 0.13912159458120735, 0.1359144529841792, 0.1357129018856532, 0.1357129018856532, 0.1357129018856532, 0.12712823881307284, 0.12712823881307284, 0.1261930464572837, 0.12669282386520772, 0.12669282386520772, 0.12669282386520772, 0.12669282386520772, 0.12669282386520772
Occupy-Asia-South-America, 0.08333333333333333, 0.08333333333333333, 0.08333333333333333, 0.0827702708145055, 0.0827702708145055, 0.0827702708145055, 0.0827702708145055, 0.0827702708145055, 0.0827702708145055, 0.08220350698432313, 0.08220350698432313, 0.08220350698432313, 0.08220350698432313, 0.08220350698432313, 0.08220350698432313, 0.08163312201511416, 0.08163312201511416, 0.08163312201511416, 0.08163312201511416, 0.08163312201511416, 0.08163312201511416, 0.08105919859403225, 0.08105919859403225, 0.08105919859403225, 0.08105919859403225, 0.08105919859403225, 0.08105919859403225, 0.08048182189019053, 0.08048182189019053, 0.08048182189019053, 0.08048182189019053, 0.08048182189019053, 0.08048182189019053, 0.07990107951832677, 0.07990107951832677, 0.07990107951832677, 0.07990107951832677, 0.07990107951832677, 0.07990107951832677, 0.07931706149900244, 0.07931706149900244, 0.07931706149900244, 0.07931706149900244, 0.07931706149900244, 0.07931706149900244, 0.07872986021534305, 0.07872986021534305, 0.07872986021534305, 0.07872986021534305, 0.07872986021534305, 0.07872986021534305, 0.07813957036633759, 0.07813957036633759, 0.07813957036633759, 0.07813957036633759, 0.07813957036633759, 0.07813957036633759, 0.07754628891672169, 0.07754628891672169, 0.07754628891672169, 0.07754628891672169, 0.07754628891672169, 0.07754628891672169, 0.07695011504347735, 0.07695011504347735, 0.07695011504347735, 0.07695011504347735, 0.07695011504347735, 0.07695011504347735, 0.07635115007899068, 0.07635115007899068, 0.07635115007899068, 0.07635115007899068, 0.07635115007899068, 0.07635115007899068, 0.07574949745091737, 0.07574949745091737, 0.07574949745091737, 0.07574949745091737, 0.07624624046748193, 0.07624624046748193, 0.02279996272104986, 0.023206788980973916, 0.022783118820408264, 0.022783118820408264, 0.022783118820408264, 0.022783118820408264, 0.018679901361854448, 0.018998225011188405, 0.018998225011188405, 0.018998225011188405, 0.018698233517237612, 0.018698233517237612, 0.01645392671283943, 0.016177335943679517, 0.016177335943679517, 0.016177335943679517, 0.016177335943679517, 0.016177335943679517, 0.014360396760406726, 0.014125073787084776, 0.014125073787084776, 0.014125073787084776, 0.014125073787084776, 0.014125073787084776, 0.012028067755415536, 0.012028067755415536, 0.012028067755415536, 0.012028067755415536, 0.012028067755415536, 0.01064173366462349, 0.010810432208318708, 0.011001881053318282, 0.011001881053318282, 0.011001881053318282, 0.015605619665848783, 0.015755646654966683, 0.015755646654966683, 0.015054670634386192, 0.015054670634386192, 0.016392129952083247, 0.016876532503676878, 0.016876532503676878, 0.016876532503676878, 0.016876532503676878, 0.027808303228172713, 0.028763856879886467, 0.028763856879886467, 0.028743383201418983, 0.012332116479198765, 0.012560668785343659, 0.012560668785343659, 0.011737735911879182, 0.008926683033362588, 0.0090968495056617, 0.0090968495056617, 0.009361695324037146, 0.007357291780106277, 0.007496307465960835, 0.007496307465960835, 0.007496307465960835, 0.009826812983489601, 0.009826812983489601, 0.009754524084738776, 0.010405056057418377, 0.010405056057418377, 0.010405056057418377, 0.010405056057418377, 0.010405056057418377
Occupy-Europe-South-America-Asia, 0.08333333333333333, 0.08333333333333333, 0.08333333333333333, 0.0827702708145055, 0.0827702708145055, 0.0827702708145055, 0.0827702708145055, 0.0827702708145055, 0.0827702708145055, 0.08220350698432313, 0.08220350698432313, 0.08220350698432313, 0.08220350698432313, 0.08220350698432313, 0.08220350698432313, 0.08163312201511416, 0.08163312201511416, 0.08163312201511416, 0.08163312201511416, 0.08163312201511416, 0.08163312201511416, 0.08105919859403225, 0.08105919859403225, 0.08105919859403225, 0.08105919859403225, 0.08105919859403225, 0.08105919859403225, 0.08048182189019053, 0.08048182189019053, 0.08048182189019053, 0.08048182189019053, 0.08048182189019053, 0.08048182189019053, 0.07990107951832677, 0.07990107951832677, 0.07990107951832677, 0.07990107951832677, 0.07990107951832677, 0.07990107951832677, 0.07931706149900244, 0.07931706149900244, 0.07931706149900244, 0.07931706149900244, 0.07931706149900244, 0.07931706149900244, 0.07872986021534305, 0.07872986021534305, 0.07872986021534305, 0.07872986021534305, 0.07872986021534305, 0.07872986021534305, 0.07813957036633759, 0.07813957036633759, 0.07813957036633759, 0.07813957036633759, 0.07813957036633759, 0.07813957036633759, 0.07754628891672169, 0.07754628891672169, 0.07754628891672169, 0.07754628891672169, 0.07754628891672169, 0.07754628891672169, 0.07695011504347735, 0.07695011504347735, 0.07695011504347735, 0.07695011504347735, 0.07695011504347735, 0.07695011504347735, 0.07635115007899068, 0.07635115007899068, 0.07635115007899068, 0.07635115007899068, 0.07635115007899068, 0.07635115007899068, 0.07574949745091737, 0.07574949745091737, 0.07574949745091737, 0.07574949745091737, 0.07624624046748193, 0.07624624046748193, 0.01332595252687868, 0.013026608058682679, 0.012788790360923088, 0.012788790360923088, 0.012788790360923088, 0.012788790360923088, 0.010485541701405978, 0.010664225508936724, 0.010664225508936724, 0.010664225508936724, 0.010495832043738263, 0.010495832043738263, 0.009043623471058207, 0.008891600016991116, 0.008891600016991116, 0.008891600016991116, 0.008891600016991116, 0.008891600016991116, 0.009490708909719573, 0.009335185223512933, 0.009335185223512933, 0.009335185223512933, 0.009335185223512933, 0.009335185223512933, 0.007441884041755031, 0.007441884041755031, 0.007441884041755031, 0.007441884041755031, 0.007441884041755031, 0.00774585223072781, 0.007868643688603332, 0.008007994522766751, 0.008007994522766751, 0.008007994522766751, 0.010382153400136667, 0.010272324728713998, 0.010272324728713998, 0.009815304241511419, 0.009815304241511419, 0.011905539546951662, 0.011536529108817316, 0.011536529108817316, 0.011536529108817316, 0.011536529108817316, 0.012846111051707926, 0.013287531307559565, 0.013287531307559565, 0.013278073443659267, 0.0044378126913246895, 0.0045200591026809366, 0.0045200591026809366, 0.0042239199966216485, 0.0030028392776372467, 0.0030600814318446938, 0.0030600814318446938, 0.0031491726903741446, 0.002249203546173549, 0.0022917021425243526, 0.0022917021425243526, 0.0022917021425243526, 0.0025743163187442564, 0.0025743163187442564, 0.0025553788980330894, 0.0027257978401608856, 0.0027257978401608856, 0.0027257978401608856, 0.0027257978401608856, 0.0027257978401608856
Occupy-North-America-Africa, 0.08333333333333333, 0.08333333333333333, 0.08333333333333333, 0.08445945837098895, 0.08445945837098895, 0.08445945837098895, 0.08445945837098895, 0.08445945837098895, 0.08445945837098895, 0.08559298603135368, 0.08559298603135368, 0.08559298603135368, 0.08559298603135368, 0.08559298603135368, 0.08559298603135368, 0.08673375596977172, 0.08673375596977172, 0.08673375596977172, 0.08673375596977172, 0.08673375596977172, 0.08673375596977172, 0.08788160281193548, 0.08788160281193548, 0.08788160281193548, 0.08788160281193548, 0.08788160281193548, 0.08788160281193548, 0.089036356219619, 0.089036356219619, 0.089036356219619, 0.089036356219619, 0.089036356219619, 0.089036356219619, 0.09019784096334643, 0.09019784096334643, 0.09019784096334643, 0.09019784096334643, 0.09019784096334643, 0.09019784096334643, 0.09136587700199508, 0.09136587700199508, 0.09136587700199508, 0.09136587700199508, 0.09136587700199508, 0.09136587700199508, 0.09254027956931393, 0.09254027956931393, 0.09254027956931393, 0.09254027956931393, 0.09254027956931393, 0.09254027956931393, 0.09372085926732485, 0.09372085926732485, 0.09372085926732485, 0.09372085926732485, 0.09372085926732485, 0.09372085926732485, 0.09490742216655661, 0.09490742216655661, 0.09490742216655661, 0.09490742216655661, 0.09490742216655661, 0.09490742216655661, 0.0960997699130453, 0.0960997699130453, 0.0960997699130453, 0.0960997699130453, 0.0960997699130453, 0.0960997699130453, 0.09729769984201866, 0.09729769984201866, 0.09729769984201866, 0.09729769984201866, 0.09729769984201866, 0.09729769984201866, 0.09850100509816528, 0.09850100509816528, 0.09850100509816528, 0.09850100509816528, 0.09716400881207922, 0.09716400881207922, 0.24851208031182143, 0.2529463524821817, 0.25339641072683844, 0.25339641072683844, 0.25339641072683844, 0.25339641072683844, 0.26441948438197727, 0.26354694518181, 0.26354694518181, 0.26354694518181, 0.2646789814200036, 0.2646789814200036, 0.2732403379242833, 0.2740201016536771, 0.2740201016536771, 0.2740201016536771, 0.2740201016536771, 0.2740201016536771, 0.25421721366966493, 0.25495037309988766, 0.25495037309988766, 0.25495037309988766, 0.25495037309988766, 0.25495037309988766, 0.2693387209085586, 0.2693387209085586, 0.2693387209085586, 0.2693387209085586, 0.2693387209085586, 0.2535578118971891, 0.25252681657418047, 0.25185900057205535, 0.25185900057205535, 0.25185900057205535, 0.236847858825997, 0.23912483160244155, 0.23912483160244155, 0.2427624158483488, 0.2427624158483488, 0.2268636428094889, 0.23356767259463446, 0.23356767259463446, 0.23356767259463446, 0.23356767259463446, 0.21709913685558774, 0.21558033456951853, 0.21558033456951853, 0.21559933238774293, 0.35479187724654493, 0.35413993088970164, 0.35413993088970164, 0.35161566561960705, 0.36440969585789845, 0.3639292007431425, 0.3639292007431425, 0.36703415548925167, 0.36872489865305585, 0.3681781068531722, 0.3681781068531722, 0.3681781068531722, 0.3448886114985002, 0.3448886114985002, 0.34919853408836016, 0.3435698833396941, 0.3435698833396941, 0.3435698833396941, 0.3435698833396941, 0.3435698833396941
lala
LOSER
Conquer the continents of EUROPE and SOUTH AMERICA and a third continent of your choice., Turn 1, Turn 2, Turn 3, Turn 4, Turn 5, Turn 6, Turn 7, Turn 8, Turn 9, Turn 10, Turn 11, Turn 12, Turn 13, Turn 14, Turn 15, Turn 16, Turn 17, Turn 18, Turn 19, Turn 20, Turn 21, Turn 22, Turn 23, Turn 24, Turn 25, Turn 26, Turn 27, Turn 28, Turn 29, Turn 30, Turn 31, Turn 32, Turn 33, Turn 34, Turn 35, Turn 36, Turn 37, Turn 38, Turn 39, Turn 40, Turn 41, Turn 42, Turn 43, Turn 44, Turn 45, Turn 46, Turn 47, Turn 48, Turn 49, Turn 50, Turn 51, Turn 52, Turn 53, Turn 54, Turn 55, Turn 56, Turn 57, Turn 58, Turn 59, Turn 60, Turn 61, Turn 62, Turn 63, Turn 64, Turn 65, Turn 66, Turn 67, Turn 68, Turn 69, Turn 70, Turn 71, Turn 72, Turn 73, Turn 74, Turn 75, Turn 76, Turn 77, Turn 78, Turn 79, Turn 80, Turn 81, Turn 82, Turn 83, Turn 84, Turn 85, Turn 86, Turn 87, Turn 88, Turn 89, Turn 90, Turn 91, Turn 92, Turn 93, Turn 94, Turn 95, Turn 96, Turn 97, Turn 98, Turn 99, Turn 100, Turn 101, Turn 102, Turn 103, Turn 104, Turn 105, Turn 106, Turn 107, Turn 108, Turn 109, Turn 110, Turn 111, Turn 112, Turn 113, Turn 114, Turn 115, Turn 116, Turn 117, Turn 118, Turn 119, Turn 120, Turn 121, Turn 122, Turn 123, Turn 124, Turn 125, Turn 126, Turn 127, Turn 128, Turn 129, Turn 130, Turn 131, Turn 132, Turn 133, Turn 134, Turn 135, Turn 136, Turn 137, Turn 138, Turn 139, Turn 140, Turn 141, Turn 142, Turn 143, Turn 144, Turn 145, Turn 146, Turn 147, Turn 148, Turn 149
Occupy-Europe-Australia-Asia, 0.08333333333333333, 0.08333333333333333, 0.08333333333333333, 0.08333333333333333, 0.08389261691270983, 0.08389261691270983, 0.08389261691270983, 0.08389261691270983, 0.08389261691270983, 0.08389261691270983, 0.08444804649472752, 0.08444804649472752, 0.08444804649472752, 0.08444804649472752, 0.08444804649472752, 0.08444804649472752, 0.08499954961420056, 0.08499954961420056, 0.08499954961420056, 0.08499954961420056, 0.08499954961420056, 0.08499954961420056, 0.0855470564177995, 0.0855470564177995, 0.0855470564177995, 0.0855470564177995, 0.0855470564177995, 0.0855470564177995, 0.08609049967982417, 0.08609049967982417, 0.08609049967982417, 0.08609049967982417, 0.08609049967982417, 0.08609049967982417, 0.08662981481465548, 0.08662981481465548, 0.08662981481465548, 0.08662981481465548, 0.08662981481465548, 0.08662981481465548, 0.08716493988593481, 0.08716493988593481, 0.08716493988593481, 0.08716493988593481, 0.08716493988593481, 0.08716493988593481, 0.08769581561252408, 0.08769581561252408, 0.08769581561252408, 0.08769581561252408, 0.08769581561252408, 0.08769581561252408, 0.08822238537130662, 0.08822238537130662, 0.08822238537130662, 0.08822238537130662, 0.08822238537130662, 0.08822238537130662, 0.08874459519689293, 0.08874459519689293, 0.08874459519689293, 0.08874459519689293, 0.08874459519689293, 0.08874459519689293, 0.08926239377830154, 0.08926239377830154, 0.08926239377830154, 0.08926239377830154, 0.08926239377830154, 0.08926239377830154, 0.08977573245268854, 0.08977573245268854, 0.08977573245268854, 0.08977573245268854, 0.08977573245268854, 0.08977573245268854, 0.09028456519620558, 0.09028456519620558, 0.09086506678862041, 0.09086506678862041, 0.09086506678862041, 0.09144124671977438, 0.05283438340880083, 0.051739300025902726, 0.0508273643530967, 0.0508273643530967, 0.0508273643530967, 0.0508273643530967, 0.038618845624224546, 0.038618845624224546, 0.038618845624224546, 0.038618845624224546, 0.038618845624224546, 0.038937026056862285, 0.03359820057859634, 0.032974566409962096, 0.03290985484745177, 0.03290985484745177, 0.03290985484745177, 0.032842744410735945, 0.029482787911044542, 0.029482787911044542, 0.029482787911044542, 0.029482787911044542, 0.029482787911044542, 0.02976704477542704, 0.030350749280629582, 0.030350749280629582, 0.030350749280629582, 0.030350749280629582, 0.0303500855080113, 0.018388788643004222, 0.018388788643004222, 0.01817906974783255, 0.01817906974783255, 0.018777099025386327, 0.019994261791157403, 0.019994261791157403, 0.02031883861577237, 0.02030760882057195, 0.02030760882057195, 0.020633452912085723, 0.02063835547739523, 0.02063835547739523, 0.02063835547739523, 0.020643164176242648, 0.015076337881806491, 0.015059683632444028, 0.015059683632444028, 0.015277953988018613, 0.0038636428826285467, 0.0038767031791516102, 0.0038767031791516102, 0.0038968233018209387, 0.0033394740433906416, 0.003403736845330079, 0.003403736845330079, 0.003404124005880673, 0.002467555082305533, 0.0024674204856284807, 0.0024312361009495185, 0.0024312361009495185, 0.0023428774079647585, 0.002532739978247193, 0.0025446487291692263, 0.00241278131528588, 0.0024126787404974218, 0.0024358523338563007, 0.0024358523338563007
Occupy-Europe-South-America-North-America, 0.08333333333333333, 0.08333333333333333, 0.08333333333333333, 0.08333333333333333, 0.08389261691270983, 0.08389261691270983, 0.08389261691270983, 0.08389261691270983, 0.08389261691270983, 0.08389261691270983, 0.08444804649472752, 0.08444804649472752, 0.08444804649472752, 0.08444804649472752, 0.08444804649472752, 0.08444804649472752, 0.08499954961420056, 0.08499954961420056, 0.08499954961420056, 0.08499954961420056, 0.08499954961420056, 0.08499954961420056, 0.0855470564177995, 0.0855470564177995, 0.0855470564177995, 0.0855470564177995, 0.0855470564177995, 0.0855470564177995, 0.08609049967982417, 0.08609049967982417, 0.08609049967982417, 0.08609049967982417, 0.08609049967982417, 0.08609049967982417, 0.08662981481465548, 0.08662981481465548, 0.08662981481465548, 0.08662981481465548, 0.08662981481465548, 0.08662981481465548, 0.08716493988593481, 0.08716493988593481, 0.08716493988593481, 0.08716493988593481, 0.08716493988593481, 0.08716493988593481, 0.08769581561252408, 0.08769581561252408, 0.08769581561252408, 0.08769581561252408, 0.08769581561252408, 0.08769581561252408, 0.08822238537130662, 0.08822238537130662, 0.08822238537130662, 0.08822238537130662, 0.08822238537130662, 0.08822238537130662, 0.08874459519689293, 0.08874459519689293, 0.08874459519689293, 0.08874459519689293, 0.08874459519689293, 0.08874459519689293, 0.08926239377830154, 0.08926239377830154, 0.08926239377830154, 0.08926239377830154, 0.08926239377830154, 0.08926239377830154, 0.08977573245268854, 0.08977573245268854, 0.08977573245268854, 0.08977573245268854, 0.08977573245268854, 0.08977573245268854, 0.09028456519620558, 0.09028456519620558, 0.08904776718596162, 0.08904776718596162, 0.08904776718596162, 0.08782017676811396, 0.15270056456051964, 0.1525873265919576, 0.1529570225153162, 0.1529570225153162, 0.1529570225153162, 0.1529570225153162, 0.1758968133729033, 0.1758968133729033, 0.1758968133729033, 0.1758968133729033, 0.1758968133729033, 0.17379910900106127, 0.18274043249276722, 0.1830086592943466, 0.18264951048405995, 0.18264951048405995, 0.18264951048405995, 0.182277047935339, 0.20908436188867102, 0.20908436188867102, 0.20908436188867102, 0.20908436188867102, 0.20908436188867102, 0.2068782378400235, 0.18227529341879642, 0.18227529341879642, 0.18227529341879642, 0.18227529341879642, 0.1822713070477305, 0.20563789437217803, 0.20563789437217803, 0.2073585019548933, 0.2073585019548933, 0.2056983725703705, 0.19675763383157227, 0.19675763383157227, 0.19595266848343548, 0.1958443695605661, 0.1958443695605661, 0.16498517372178523, 0.16502437465401495, 0.16502437465401495, 0.16502437465401495, 0.1650628250296306, 0.2360610985344211, 0.23580033093750266, 0.23580033093750266, 0.22974492558610327, 0.2239941519508008, 0.2247513208022655, 0.2247513208022655, 0.22139943074766336, 0.24880445178260038, 0.2485204518997603, 0.2485204518997603, 0.2484493007429356, 0.22369491610444897, 0.22368271431304945, 0.22040243783488928, 0.22040243783488928, 0.21239232671070027, 0.21177963728374807, 0.20851990492318018, 0.22111727800103742, 0.2211078776223658, 0.21439163866243147, 0.21439163866243147
Occupy-Europe-South-America-Africa, 0.08333333333333333, 0.08333333333333333, 0.08333333333333333, 0.08333333333333333, 0.08389261691270983, 0.08389261691270983, 0.08389261691270983, 0.08389261691270983, 0.08389261691270983, 0.08389261691270983, 0.08444804649472752, 0.08444804649472752, 0.08444804649472752, 0.08444804649472752, 0.08444804649472752, 0.08444804649472752, 0.08499954961420056, 0.08499954961420056, 0.08499954961420056, 0.08499954961420056, 0.08499954961420056, 0.08499954961420056, 0.0855470564177995, 0.0855470564177995, 0.0855470564177995, 0.0855470564177995, 0.0855470564177995, 0.0855470564177995, 0.08609049967982417, 0.08609049967982417, 0.08609049967982417, 0.08609049967982417, 0.08609049967982417, 0.08609049967982417, 0.08662981481465548, 0.08662981481465548, 0.08662981481465548, 0.08662981481465548, 0.08662981481465548, 0.08662981481465548, 0.08716493988593481, 0.08716493988593481, 0.08716493988593481, 0.08716493988593481, 0.08716493988593481, 0.08716493988593481, 0.08769581561252408, 0.08769581561252408, 0.08769581561252408, 0.08769581561252408, 0.08769581561252408, 0.08769581561252408, 0.08822238537130662, 0.08822238537130662, 0.08822238537130662, 0.08822238537130662, 0.08822238537130662, 0.08822238537130662, 0.08874459519689293, 0.08874459519689293, 0.08874459519689293, 0.08874459519689293, 0.08874459519689293, 0.08874459519689293, 0.08926239377830154, 0.08926239377830154, 0.08926239377830154, 0.08926239377830154, 0.08926239377830154, 0.08926239377830154, 0.08977573245268854, 0.08977573245268854, 0.08977573245268854, 0.08977573245268854, 0.08977573245268854, 0.08977573245268854, 0.09028456519620558, 0.09028456519620558, 0.09086506678862041, 0.09086506678862041, 0.09086506678862041, 0.09144124671977438, 0.11476557116820765, 0.11468046460571814, 0.11495831795829035, 0.11495831795829035, 0.11495831795829035, 0.11495831795829035, 0.11091531990362, 0.11091531990362, 0.11091531990362, 0.11091531990362, 0.11091531990362, 0.11182915054517986, 0.11165008831424234, 0.11181396855506298, 0.11159453711430592, 0.11159453711430592, 0.11159453711430592, 0.11136697129380756, 0.09577340834666008, 0.09577340834666008, 0.09577340834666008, 0.09577340834666008, 0.09577340834666008, 0.09669680300085585, 0.11814062068131351, 0.11814062068131351, 0.11814062068131351, 0.11814062068131351, 0.11813803693919928, 0.14508123875641918, 0.14508123875641918, 0.14336925802269723, 0.14336925802269723, 0.1422214318383988, 0.14117331149106854, 0.14117331149106854, 0.14059575004341812, 0.14051804572631155, 0.14051804572631155, 0.14517985514257128, 0.1452143502764926, 0.1452143502764926, 0.1452143502764926, 0.14524818495288278, 0.11416021796615873, 0.11403410957351148, 0.11403410957351148, 0.11568688437620513, 0.14699656699251476, 0.14454359402437478, 0.14454359402437478, 0.1452937765140934, 0.1321819462370605, 0.13203106607002194, 0.13203106607002194, 0.13204608404072826, 0.11571727339015196, 0.11571096140928169, 0.11634089156419922, 0.11634089156419922, 0.11626502343929669, 0.11592963302435652, 0.116474725349675, 0.1126541919253582, 0.11264940264759295, 0.11373139147820607, 0.11373139147820607
Occupy-Asia-Africa, 0.08333333333333333, 0.08333333333333333, 0.08333333333333333, 0.08333333333333333, 0.0822147661745803, 0.0822147661745803, 0.0822147661745803, 0.0822147661745803, 0.0822147661745803, 0.0822147661745803, 0.08110390701054492, 0.08110390701054492, 0.08110390701054492, 0.08110390701054492, 0.08110390701054492, 0.08110390701054492, 0.08000090077159894, 0.08000090077159894, 0.08000090077159894, 0.08000090077159894, 0.08000090077159894, 0.08000090077159894, 0.07890588716440104, 0.07890588716440104, 0.07890588716440104, 0.07890588716440104, 0.07890588716440104, 0.07890588716440104, 0.07781900064035169, 0.07781900064035169, 0.07781900064035169, 0.07781900064035169, 0.07781900064035169, 0.07781900064035169, 0.07674037037068901, 0.07674037037068901, 0.07674037037068901, 0.07674037037068901, 0.07674037037068901, 0.07674037037068901, 0.0756701202281304, 0.0756701202281304, 0.0756701202281304, 0.0756701202281304, 0.0756701202281304, 0.0756701202281304, 0.07460836877495189, 0.07460836877495189, 0.07460836877495189, 0.07460836877495189, 0.07460836877495189, 0.07460836877495189, 0.07355522925738682, 0.07355522925738682, 0.07355522925738682, 0.07355522925738682, 0.07355522925738682, 0.07355522925738682, 0.07251080960621409, 0.07251080960621409, 0.07251080960621409, 0.07251080960621409, 0.07251080960621409, 0.07251080960621409, 0.07147521244339694, 0.07147521244339694, 0.07147521244339694, 0.07147521244339694, 0.07147521244339694, 0.07147521244339694, 0.07044853509462287, 0.07044853509462287, 0.07044853509462287, 0.07044853509462287, 0.07044853509462287, 0.07044853509462287, 0.06943086960758882, 0.06943086960758882, 0.0698772884421079, 0.0698772884421079, 0.0698772884421079, 0.0703203838215177, 0.007249679201054377, 0.007392145841258173, 0.0072618549117741404, 0.0072618549117741404, 0.0072618549117741404, 0.0072618549117741404, 0.0041215157562806155, 0.0041215157562806155, 0.0041215157562806155, 0.0041215157562806155, 0.0041215157562806155, 0.004155472899360885, 0.00243434275320941, 0.0023891576155257075, 0.0024827872501948347, 0.0024827872501948347, 0.0024827872501948347, 0.0025798877594150715, 0.002623590750745307, 0.002623590750745307, 0.002623590750745307, 0.002623590750745307, 0.002623590750745307, 0.0026488859732486853, 0.0026900181189619325, 0.0026900181189619325, 0.0026900181189619325, 0.0026900181189619325, 0.002691035700339244, 0.0016304694334800154, 0.0016304694334800154, 0.0015796369370029313, 0.0015796369370029313, 0.0016316015946744688, 0.0013291959619157782, 0.0013291959619157782, 0.0013507734629566248, 0.0013775784618045126, 0.0013775784618045126, 6.614124735911839E-4, 6.485976856762749E-4, 6.485976856762749E-4, 6.485976856762749E-4, 6.360282547791771E-4, 3.7581152593219795E-4, 4.0699188076878293E-4, 4.0699188076878293E-4, 4.128906940971048E-4, 1.6017578388789416E-4, 1.5750288562866037E-4, 1.5750288562866037E-4, 1.5832032695268646E-4, 1.033952440245135E-4, 1.0538491904575751E-4, 1.0538491904575751E-4, 1.0539690613087486E-4, 3.622585250869747E-5, 3.696313857910204E-5, 3.716436580362585E-5, 3.716436580362585E-5, 2.8713853423592264E-5, 3.104077244854123E-5, 3.1186723801894535E-5, 2.6521553252086002E-5, 2.7061658390565016E-5, 2.962112374604329E-5, 2.962112374604329E-5
Occupy-Europe-Australia-South-America, 0.08333333333333333, 0.08333333333333333, 0.08333333333333333, 0.08333333333333333, 0.08389261691270983, 0.08389261691270983, 0.08389261691270983, 0.08389261691270983, 0.08389261691270983, 0.08389261691270983, 0.08444804649472752, 0.08444804649472752, 0.08444804649472752, 0.08444804649472752, 0.08444804649472752, 0.08444804649472752, 0.08499954961420056, 0.08499954961420056, 0.08499954961420056, 0.08499954961420056, 0.08499954961420056, 0.08499954961420056, 0.0855470564177995, 0.0855470564177995, 0.0855470564177995, 0.0855470564177995, 0.0855470564177995, 0.0855470564177995, 0.08609049967982417, 0.08609049967982417, 0.08609049967982417, 0.08609049967982417, 0.08609049967982417, 0.08609049967982417, 0.08662981481465548, 0.08662981481465548, 0.08662981481465548, 0.08662981481465548, 0.08662981481465548, 0.08662981481465548, 0.08716493988593481, 0.08716493988593481, 0.08716493988593481, 0.08716493988593481, 0.08716493988593481, 0.08716493988593481, 0.08769581561252408, 0.08769581561252408, 0.08769581561252408, 0.08769581561252408, 0.08769581561252408, 0.08769581561252408, 0.08822238537130662, 0.08822238537130662, 0.08822238537130662, 0.08822238537130662, 0.08822238537130662, 0.08822238537130662, 0.08874459519689293, 0.08874459519689293, 0.08874459519689293, 0.08874459519689293, 0.08874459519689293, 0.08874459519689293, 0.08926239377830154, 0.08926239377830154, 0.08926239377830154, 0.08926239377830154, 0.08926239377830154, 0.08926239377830154, 0.08977573245268854, 0.08977573245268854, 0.08977573245268854, 0.08977573245268854, 0.08977573245268854, 0.08977573245268854, 0.09028456519620558, 0.09028456519620558, 0.09086506678862041, 0.09086506678862041, 0.09086506678862041, 0.09144124671977438, 0.14077089127122042, 0.1406664999757062, 0.14100731354624088, 0.14100731354624088, 0.14100731354624088, 0.14100731354624088, 0.1411972379492183, 0.1411972379492183, 0.1411972379492183, 0.1411972379492183, 0.1411972379492183, 0.14236056112814197, 0.14814113310424512, 0.1483585749794386, 0.1480674258835153, 0.1480674258835153, 0.1480674258835153, 0.147765483815995, 0.13264842808007724, 0.13264842808007724, 0.13264842808007724, 0.13264842808007724, 0.13264842808007724, 0.1339273514419071, 0.1389920003801929, 0.1389920003801929, 0.1389920003801929, 0.1389920003801929, 0.13898896061721508, 0.20177077634225407, 0.20177077634225407, 0.20345902708419414, 0.20345902708419414, 0.20183011721927632, 0.20762789167126233, 0.20762789167126233, 0.20677845444818038, 0.20666417234086001, 0.20666417234086001, 0.23329616721356577, 0.23335159902621952, 0.23335159902621952, 0.23335159902621952, 0.23340596951937773, 0.211580802319311, 0.21134707716206388, 0.21134707716206388, 0.21441027575293137, 0.27090301917711646, 0.27181875436976427, 0.27181875436976427, 0.2732294960306568, 0.2684206220562802, 0.2681142311349375, 0.2681142311349375, 0.2681447279853302, 0.2997360600993677, 0.29971971052404456, 0.30135138380186327, 0.30135138380186327, 0.3065326322678843, 0.30564837573322057, 0.30708551117057015, 0.30291129442178866, 0.3028984167267609, 0.3058077326752352, 0.3058077326752352
Occupy-Europe-South-America-Australia, 0.08333333333333333, 0.08333333333333333, 0.08333333333333333, 0.08333333333333333, 0.08389261691270983, 0.08389261691270983, 0.08389261691270983, 0.08389261691270983, 0.08389261691270983, 0.08389261691270983, 0.08444804649472752, 0.08444804649472752, 0.08444804649472752, 0.08444804649472752, 0.08444804649472752, 0.08444804649472752, 0.08499954961420056, 0.08499954961420056, 0.08499954961420056, 0.08499954961420056, 0.08499954961420056, 0.08499954961420056, 0.0855470564177995, 0.0855470564177995, 0.0855470564177995, 0.0855470564177995, 0.0855470564177995, 0.0855470564177995, 0.08609049967982417, 0.08609049967982417, 0.08609049967982417, 0.08609049967982417, 0.08609049967982417, 0.08609049967982417, 0.08662981481465548, 0.08662981481465548, 0.08662981481465548, 0.08662981481465548, 0.08662981481465548, 0.08662981481465548, 0.08716493988593481, 0.08716493988593481, 0.08716493988593481, 0.08716493988593481, 0.08716493988593481, 0.08716493988593481, 0.08769581561252408, 0.08769581561252408, 0.08769581561252408, 0.08769581561252408, 0.08769581561252408, 0.08769581561252408, 0.08822238537130662, 0.08822238537130662, 0.08822238537130662, 0.08822238537130662, 0.08822238537130662, 0.08822238537130662, 0.08874459519689293, 0.08874459519689293, 0.08874459519689293, 0.08874459519689293, 0.08874459519689293, 0.08874459519689293, 0.08926239377830154, 0.08926239377830154, 0.08926239377830154, 0.08926239377830154, 0.08926239377830154, 0.08926239377830154, 0.08977573245268854, 0.08977573245268854, 0.08977573245268854, 0.08977573245268854, 0.08977573245268854, 0.08977573245268854, 0.09028456519620558, 0.09028456519620558, 0.09086506678862041, 0.09086506678862041, 0.09086506678862041, 0.09144124671977438, 0.14077089127122042, 0.1406664999757062, 0.14100731354624088, 0.14100731354624088, 0.14100731354624088, 0.14100731354624088, 0.1411972379492183, 0.1411972379492183, 0.1411972379492183, 0.1411972379492183, 0.1411972379492183, 0.14236056112814197, 0.14814113310424512, 0.1483585749794386, 0.1480674258835153, 0.1480674258835153, 0.1480674258835153, 0.147765483815995, 0.13264842808007724, 0.13264842808007724, 0.13264842808007724, 0.13264842808007724, 0.13264842808007724, 0.1339273514419071, 0.1389920003801929, 0.1389920003801929, 0.1389920003801929, 0.1389920003801929, 0.13898896061721508, 0.20177077634225407, 0.20177077634225407, 0.20345902708419414, 0.20345902708419414, 0.20183011721927632, 0.20762789167126233, 0.20762789167126233, 0.20677845444818038, 0.20666417234086001, 0.20666417234086001, 0.23329616721356577, 0.23335159902621952, 0.23335159902621952, 0.23335159902621952, 0.23340596951937773, 0.211580802319311, 0.21134707716206388, 0.21134707716206388, 0.21441027575293137, 0.27090301917711646, 0.27181875436976427, 0.27181875436976427, 0.2732294960306568, 0.2684206220562802, 0.2681142311349375, 0.2681142311349375, 0.2681447279853302, 0.2997360600993677, 0.29971971052404456, 0.30135138380186327, 0.30135138380186327, 0.3065326322678843, 0.30564837573322057, 0.30708551117057015, 0.30291129442178866, 0.3028984167267609, 0.3058077326752352, 0.3058077326752352
Occupy-Europe-Australia-North-America, 0.08333333333333333, 0.08333333333333333, 0.08333333333333333, 0.08333333333333333, 0.08389261691270983, 0.08389261691270983, 0.08389261691270983, 0.08389261691270983, 0.08389261691270983, 0.08389261691270983, 0.08444804649472752, 0.08444804649472752, 0.08444804649472752, 0.08444804649472752, 0.08444804649472752, 0.08444804649472752, 0.08499954961420056, 0.08499954961420056, 0.08499954961420056, 0.08499954961420056, 0.08499954961420056, 0.08499954961420056, 0.0855470564177995, 0.0855470564177995, 0.0855470564177995, 0.0855470564177995, 0.0855470564177995, 0.0855470564177995, 0.08609049967982417, 0.08609049967982417, 0.08609049967982417, 0.08609049967982417, 0.08609049967982417, 0.08609049967982417, 0.08662981481465548, 0.08662981481465548, 0.08662981481465548, 0.08662981481465548, 0.08662981481465548, 0.08662981481465548, 0.08716493988593481, 0.08716493988593481, 0.08716493988593481, 0.08716493988593481, 0.08716493988593481, 0.08716493988593481, 0.08769581561252408, 0.08769581561252408, 0.08769581561252408, 0.08769581561252408, 0.08769581561252408, 0.08769581561252408, 0.08822238537130662, 0.08822238537130662, 0.08822238537130662, 0.08822238537130662, 0.08822238537130662, 0.08822238537130662, 0.08874459519689293, 0.08874459519689293, 0.08874459519689293, 0.08874459519689293, 0.08874459519689293, 0.08874459519689293, 0.08926239377830154, 0.08926239377830154, 0.08926239377830154, 0.08926239377830154, 0.08926239377830154, 0.08926239377830154, 0.08977573245268854, 0.08977573245268854, 0.08977573245268854, 0.08977573245268854, 0.08977573245268854, 0.08977573245268854, 0.09028456519620558, 0.09028456519620558, 0.08904776718596162, 0.08904776718596162, 0.08904776718596162, 0.08782017676811396, 0.15270056456051964, 0.1525873265919576, 0.1529570225153162, 0.1529570225153162, 0.1529570225153162, 0.1529570225153162, 0.1758968133729033, 0.1758968133729033, 0.1758968133729033, 0.1758968133729033, 0.1758968133729033, 0.17379910900106127, 0.18274043249276722, 0.1830086592943466, 0.18264951048405995, 0.18264951048405995, 0.18264951048405995, 0.182277047935339, 0.20908436188867102, 0.20908436188867102, 0.20908436188867102, 0.20908436188867102, 0.20908436188867102, 0.2068782378400235, 0.1866151813573392, 0.1866151813573392, 0.1866151813573392, 0.1866151813573392, 0.18661110007267648, 0.08946934592592772, 0.08946934592592772, 0.0884489735270935, 0.0884489735270935, 0.09135864252955098, 0.09233418725619856, 0.09233418725619856, 0.09383309417339593, 0.09378123459369676, 0.09378123459369676, 0.07900412616406406, 0.07902289776229778, 0.07902289776229778, 0.07902289776229778, 0.07904130995205802, 0.11303925310579821, 0.11291438299982626, 0.11291438299982626, 0.11001471633545533, 0.028426879647331867, 0.028522971208767022, 0.028522971208767022, 0.02809758610677475, 0.030944020622634832, 0.031539488484533, 0.031539488484533, 0.03153045876052365, 0.02032459781329842, 0.020323489176110255, 0.020025447981003707, 0.020025447981003707, 0.019297660823950246, 0.02086150854044543, 0.020540406212800767, 0.022202205027699862, 0.02220126114336621, 0.021526889082749637, 0.021526889082749637
Occupy-North-America-Australia, 0.08333333333333333, 0.08333333333333333, 0.08333333333333333, 0.08333333333333333, 0.0822147661745803, 0.0822147661745803, 0.0822147661745803, 0.0822147661745803, 0.0822147661745803, 0.0822147661745803, 0.08110390701054492, 0.08110390701054492, 0.08110390701054492, 0.08110390701054492, 0.08110390701054492, 0.08110390701054492, 0.08000090077159894, 0.08000090077159894, 0.08000090077159894, 0.08000090077159894, 0.08000090077159894, 0.08000090077159894, 0.07890588716440104, 0.07890588716440104, 0.07890588716440104, 0.07890588716440104, 0.07890588716440104, 0.07890588716440104, 0.07781900064035169, 0.07781900064035169, 0.07781900064035169, 0.07781900064035169, 0.07781900064035169, 0.07781900064035169, 0.07674037037068901, 0.07674037037068901, 0.07674037037068901, 0.07674037037068901, 0.07674037037068901, 0.07674037037068901, 0.0756701202281304, 0.0756701202281304, 0.0756701202281304, 0.0756701202281304, 0.0756701202281304, 0.0756701202281304, 0.07460836877495189, 0.07460836877495189, 0.07460836877495189, 0.07460836877495189, 0.07460836877495189, 0.07460836877495189, 0.07355522925738682, 0.07355522925738682, 0.07355522925738682, 0.07355522925738682, 0.07355522925738682, 0.07355522925738682, 0.07251080960621409, 0.07251080960621409, 0.07251080960621409, 0.07251080960621409, 0.07251080960621409, 0.07251080960621409, 0.07147521244339694, 0.07147521244339694, 0.07147521244339694, 0.07147521244339694, 0.07147521244339694, 0.07147521244339694, 0.07044853509462287, 0.07044853509462287, 0.07044853509462287, 0.07044853509462287, 0.07044853509462287, 0.07044853509462287, 0.06943086960758882, 0.06943086960758882, 0.06847974400606925, 0.06847974400606925, 0.06847974400606925, 0.06753569925104519, 0.034081023120374046, 0.035459962903609935, 0.03554587700945812, 0.03554587700945812, 0.03554587700945812, 0.03554587700945812, 0.03236114171414424, 0.03236114171414424, 0.03236114171414424, 0.03236114171414424, 0.03236114171414424, 0.03197521028565586, 0.024302787396733038, 0.024338459080574255, 0.025292268497464587, 0.025292268497464587, 0.025292268497464587, 0.026281435873866266, 0.03513718929533476, 0.03513718929533476, 0.03513718929533476, 0.03513718929533476, 0.03513718929533476, 0.034766444216142306, 0.02685765634732964, 0.02685765634732964, 0.02685765634732964, 0.02685765634732964, 0.026867816074784497, 0.01595334117171177, 0.01595334117171177, 0.015771397861046713, 0.015771397861046713, 0.016290222960443204, 0.012988586599302805, 0.012988586599302805, 0.013199436804160216, 0.013461368873475411, 0.013461368873475411, 0.005822561485252954, 0.00570975004982612, 0.00570975004982612, 0.00570975004982612, 0.005599098546936221, 0.007536531416847704, 0.008161822839806291, 0.008161822839806291, 0.007952225399867006, 0.003375124471692062, 0.003386533426334515, 0.003386533426334515, 0.003336027437445154, 0.002976766737723269, 0.003034049821466597, 0.003034049821466597, 0.003033181176037173, 0.001188809741950447, 0.001213004972770505, 0.0012196085684982277, 0.0012196085684982277, 9.627759787939346E-4, 0.0010407976120721332, 0.0010247775560346983, 0.0010113912283427541, 0.0010319879707072896, 0.0010848605737971888, 0.0010848605737971888
Occupy-Europe-Australia-Africa, 0.08333333333333333, 0.08333333333333333, 0.08333333333333333, 0.08333333333333333, 0.08389261691270983, 0.08389261691270983, 0.08389261691270983, 0.08389261691270983, 0.08389261691270983, 0.08389261691270983, 0.08444804649472752, 0.08444804649472752, 0.08444804649472752, 0.08444804649472752, 0.08444804649472752, 0.08444804649472752, 0.08499954961420056, 0.08499954961420056, 0.08499954961420056, 0.08499954961420056, 0.08499954961420056, 0.08499954961420056, 0.0855470564177995, 0.0855470564177995, 0.0855470564177995, 0.0855470564177995, 0.0855470564177995, 0.0855470564177995, 0.08609049967982417, 0.08609049967982417, 0.08609049967982417, 0.08609049967982417, 0.08609049967982417, 0.08609049967982417, 0.08662981481465548, 0.08662981481465548, 0.08662981481465548, 0.08662981481465548, 0.08662981481465548, 0.08662981481465548, 0.08716493988593481, 0.08716493988593481, 0.08716493988593481, 0.08716493988593481, 0.08716493988593481, 0.08716493988593481, 0.08769581561252408, 0.08769581561252408, 0.08769581561252408, 0.08769581561252408, 0.08769581561252408, 0.08769581561252408, 0.08822238537130662, 0.08822238537130662, 0.08822238537130662, 0.08822238537130662, 0.08822238537130662, 0.08822238537130662, 0.08874459519689293, 0.08874459519689293, 0.08874459519689293, 0.08874459519689293, 0.08874459519689293, 0.08874459519689293, 0.08926239377830154, 0.08926239377830154, 0.08926239377830154, 0.08926239377830154, 0.08926239377830154, 0.08926239377830154, 0.08977573245268854, 0.08977573245268854, 0.08977573245268854, 0.08977573245268854, 0.08977573245268854, 0.08977573245268854, 0.09028456519620558, 0.09028456519620558, 0.09086506678862041, 0.09086506678862041, 0.09086506678862041, 0.09144124671977438, 0.11476557116820765, 0.11468046460571814, 0.11495831795829035, 0.11495831795829035, 0.11495831795829035, 0.11495831795829035, 0.11091531990362, 0.11091531990362, 0.11091531990362, 0.11091531990362, 0.11091531990362, 0.11182915054517986, 0.11165008831424234, 0.11181396855506298, 0.11159453711430592, 0.11159453711430592, 0.11159453711430592, 0.11136697129380756, 0.09577340834666008, 0.09577340834666008, 0.09577340834666008, 0.09577340834666008, 0.09577340834666008, 0.09669680300085585, 0.1202886319664283, 0.1202886319664283, 0.1202886319664283, 0.1202886319664283, 0.12028600124718469, 0.0637269833224429, 0.0637269833224429, 0.061740192531572806, 0.061740192531572806, 0.06377123390210772, 0.0667540592140051, 0.0667540592140051, 0.06783771115355425, 0.0678002186758824, 0.0678002186758824, 0.07004955039846639, 0.07006619436480559, 0.07006619436480559, 0.07006619436480559, 0.07008251965915639, 0.05508251770927284, 0.05502167017503512, 0.05502167017503512, 0.05581913709442906, 0.019763887371003954, 0.019434081835688937, 0.019434081835688937, 0.019534944886696468, 0.017416601068715266, 0.017751755518306572, 0.017751755518306572, 0.017753774704792714, 0.011396619284327092, 0.011395997637784608, 0.01145803741750796, 0.01145803741750796, 0.01145056541173044, 0.012378498633019581, 0.012436701392985245, 0.012267649173437973, 0.01226712763776838, 0.012384952453309511, 0.012384952453309511
Occupy-Asia-South-America, 0.08333333333333333, 0.08333333333333333, 0.08333333333333333, 0.08333333333333333, 0.0822147661745803, 0.0822147661745803, 0.0822147661745803, 0.0822147661745803, 0.0822147661745803, 0.0822147661745803, 0.08110390701054492, 0.08110390701054492, 0.08110390701054492, 0.08110390701054492, 0.08110390701054492, 0.08110390701054492, 0.08000090077159894, 0.08000090077159894, 0.08000090077159894, 0.08000090077159894, 0.08000090077159894, 0.08000090077159894, 0.07890588716440104, 0.07890588716440104, 0.07890588716440104, 0.07890588716440104, 0.07890588716440104, 0.07890588716440104, 0.07781900064035169, 0.07781900064035169, 0.07781900064035169, 0.07781900064035169, 0.07781900064035169, 0.07781900064035169, 0.07674037037068901, 0.07674037037068901, 0.07674037037068901, 0.07674037037068901, 0.07674037037068901, 0.07674037037068901, 0.0756701202281304, 0.0756701202281304, 0.0756701202281304, 0.0756701202281304, 0.0756701202281304, 0.0756701202281304, 0.07460836877495189, 0.07460836877495189, 0.07460836877495189, 0.07460836877495189, 0.07460836877495189, 0.07460836877495189, 0.07355522925738682, 0.07355522925738682, 0.07355522925738682, 0.07355522925738682, 0.07355522925738682, 0.07355522925738682, 0.07251080960621409, 0.07251080960621409, 0.07251080960621409, 0.07251080960621409, 0.07251080960621409, 0.07251080960621409, 0.07147521244339694, 0.07147521244339694, 0.07147521244339694, 0.07147521244339694, 0.07147521244339694, 0.07147521244339694, 0.07044853509462287, 0.07044853509462287, 0.07044853509462287, 0.07044853509462287, 0.07044853509462287, 0.07044853509462287, 0.06943086960758882, 0.06943086960758882, 0.0698772884421079, 0.0698772884421079, 0.0698772884421079, 0.0703203838215177, 0.009786655197942353, 0.009978977071257946, 0.009803091715931576, 0.009803091715931576, 0.009803091715931576, 0.009803091715931576, 0.0058319097287682755, 0.0058319097287682755, 0.0058319097287682755, 0.0058319097287682755, 0.0058319097287682755, 0.005879958797315258, 0.0036518697142410373, 0.0035840854075227745, 0.003724543536006469, 0.003724543536006469, 0.003724543536006469, 0.003870208483307447, 0.004097634096061006, 0.004097634096061006, 0.004097634096061006, 0.004097634096061006, 0.004097634096061006, 0.0041371412357198295, 0.0035524652551892646, 0.0035524652551892646, 0.0035524652551892646, 0.0035524652551892646, 0.0035538090834935226, 0.0057008135223884475, 0.0057008135223884475, 0.005748513208305842, 0.005748513208305842, 0.005702490134236267, 0.0045467325474950115, 0.0045467325474950115, 0.004528131174441744, 0.004617988248364652, 0.004617988248364652, 0.002463667414679324, 0.0024159341518931407, 0.0024159341518931407, 0.0024159341518931407, 0.0023691148091097994, 0.0016284857228280347, 0.0017635980309408292, 0.0017635980309408292, 0.0017891590705150463, 0.0024192967400863377, 0.0024274747041898195, 0.0024274747041898195, 0.0024400733186743257, 0.0017738274230825193, 0.0017718026732168129, 0.0017718026732168129, 0.0017720042082148687, 0.0010811533926418835, 0.0011031575493742646, 0.0011091631360318484, 0.0011091631360318484, 8.75588817197429E-4, 8.730630008510354E-4, 8.771680767394705E-4, 7.459539516254828E-4, 7.611451268372875E-4, 8.331334933488671E-4, 8.331334933488671E-4
Occupy-Europe-South-America-Asia, 0.08333333333333333, 0.08333333333333333, 0.08333333333333333, 0.08333333333333333, 0.08389261691270983, 0.08389261691270983, 0.08389261691270983, 0.08389261691270983, 0.08389261691270983, 0.08389261691270983, 0.08444804649472752, 0.08444804649472752, 0.08444804649472752, 0.08444804649472752, 0.08444804649472752, 0.08444804649472752, 0.08499954961420056, 0.08499954961420056, 0.08499954961420056, 0.08499954961420056, 0.08499954961420056, 0.08499954961420056, 0.0855470564177995, 0.0855470564177995, 0.0855470564177995, 0.0855470564177995, 0.0855470564177995, 0.0855470564177995, 0.08609049967982417, 0.08609049967982417, 0.08609049967982417, 0.08609049967982417, 0.08609049967982417, 0.08609049967982417, 0.08662981481465548, 0.08662981481465548, 0.08662981481465548, 0.08662981481465548, 0.08662981481465548, 0.08662981481465548, 0.08716493988593481, 0.08716493988593481, 0.08716493988593481, 0.08716493988593481, 0.08716493988593481, 0.08716493988593481, 0.08769581561252408, 0.08769581561252408, 0.08769581561252408, 0.08769581561252408, 0.08769581561252408, 0.08769581561252408, 0.08822238537130662, 0.08822238537130662, 0.08822238537130662, 0.08822238537130662, 0.08822238537130662, 0.08822238537130662, 0.08874459519689293, 0.08874459519689293, 0.08874459519689293, 0.08874459519689293, 0.08874459519689293, 0.08874459519689293, 0.08926239377830154, 0.08926239377830154, 0.08926239377830154, 0.08926239377830154, 0.08926239377830154, 0.08926239377830154, 0.08977573245268854, 0.08977573245268854, 0.08977573245268854, 0.08977573245268854, 0.08977573245268854, 0.08977573245268854, 0.09028456519620558, 0.09028456519620558, 0.09086506678862041, 0.09086506678862041, 0.09086506678862041, 0.09144124671977438, 0.05283438340880083, 0.051739300025902726, 0.0508273643530967, 0.0508273643530967, 0.0508273643530967, 0.0508273643530967, 0.038618845624224546, 0.038618845624224546, 0.038618845624224546, 0.038618845624224546, 0.038618845624224546, 0.038937026056862285, 0.03359820057859634, 0.032974566409962096, 0.03290985484745177, 0.03290985484745177, 0.03290985484745177, 0.032842744410735945, 0.029482787911044542, 0.029482787911044542, 0.029482787911044542, 0.029482787911044542, 0.029482787911044542, 0.02976704477542704, 0.029690950383224588, 0.029690950383224588, 0.029690950383224588, 0.029690950383224588, 0.029690301040445833, 0.04053154581384705, 0.04053154581384705, 0.04087068021939711, 0.04087068021939711, 0.040543466159891524, 0.040976396898759544, 0.040976396898759544, 0.0408087562387624, 0.04078620209658867, 0.04078620209658867, 0.04144063379683873, 0.04145048020570312, 0.04145048020570312, 0.04145048020570312, 0.04146013809131365, 0.03027961436311027, 0.03024616564020715, 0.03024616564020715, 0.030684544127443963, 0.02766878722606621, 0.027762316202885138, 0.027762316202885138, 0.02790640286151578, 0.024403107553068935, 0.024375252425733587, 0.024375252425733587, 0.024378025006746414, 0.024253987577581893, 0.02425266460564233, 0.02389700258909841, 0.02389700258909841, 0.023028511078051206, 0.022962080593134527, 0.023070046551260454, 0.021440073727004346, 0.021439162243227037, 0.021645083744270786, 0.021645083744270786
Occupy-North-America-Africa, 0.08333333333333333, 0.08333333333333333, 0.08333333333333333, 0.08333333333333333, 0.0822147661745803, 0.0822147661745803, 0.0822147661745803, 0.0822147661745803, 0.0822147661745803, 0.0822147661745803, 0.08110390701054492, 0.08110390701054492, 0.08110390701054492, 0.08110390701054492, 0.08110390701054492, 0.08110390701054492, 0.08000090077159894, 0.08000090077159894, 0.08000090077159894, 0.08000090077159894, 0.08000090077159894, 0.08000090077159894, 0.07890588716440104, 0.07890588716440104, 0.07890588716440104, 0.07890588716440104, 0.07890588716440104, 0.07890588716440104, 0.07781900064035169, 0.07781900064035169, 0.07781900064035169, 0.07781900064035169, 0.07781900064035169, 0.07781900064035169, 0.07674037037068901, 0.07674037037068901, 0.07674037037068901, 0.07674037037068901, 0.07674037037068901, 0.07674037037068901, 0.0756701202281304, 0.0756701202281304, 0.0756701202281304, 0.0756701202281304, 0.0756701202281304, 0.0756701202281304, 0.07460836877495189, 0.07460836877495189, 0.07460836877495189, 0.07460836877495189, 0.07460836877495189, 0.07460836877495189, 0.07355522925738682, 0.07355522925738682, 0.07355522925738682, 0.07355522925738682, 0.07355522925738682, 0.07355522925738682, 0.07251080960621409, 0.07251080960621409, 0.07251080960621409, 0.07251080960621409, 0.07251080960621409, 0.07251080960621409, 0.07147521244339694, 0.07147521244339694, 0.07147521244339694, 0.07147521244339694, 0.07147521244339694, 0.07147521244339694, 0.07044853509462287, 0.07044853509462287, 0.07044853509462287, 0.07044853509462287, 0.07044853509462287, 0.07044853509462287, 0.06943086960758882, 0.06943086960758882, 0.06847974400606925, 0.06847974400606925, 0.06847974400606925, 0.06753569925104519, 0.02673982166313216, 0.0278217317853046, 0.02788913961694785, 0.02788913961694785, 0.02788913961694785, 0.02788913961694785, 0.024428999100874628, 0.024428999100874628, 0.024428999100874628, 0.024428999100874628, 0.024428999100874628, 0.024137664555177143, 0.017351291156114508, 0.01737675941875672, 0.01805774405766825, 0.01805774405766825, 0.01805774405766825, 0.018763972971656228, 0.024163613404953186, 0.024163613404953186, 0.024163613404953186, 0.024163613404953186, 0.024163613404953186, 0.023908654458462138, 0.021554432430401744, 0.021554432430401744, 0.021554432430401744, 0.021554432430401744, 0.02156258605170455, 0.010338026354092584, 0.010338026354092584, 0.010015721821769774, 0.010015721821769774, 0.010345204846387505, 0.007889851066000493, 0.007889851066000493, 0.008017930953742087, 0.008177040261017841, 0.008177040261017841, 0.003167232063533603, 0.0031058673194562644, 0.0031058673194562644, 0.0031058673194562644, 0.0030456774891352467, 0.0035985271352023257, 0.003897089965829642, 0.003897089965829642, 0.003797011822002845, 0.001525448579754548, 0.00149999299118549, 0.00149999299118549, 0.0014776224370495656, 0.0012151651751387002, 0.0012385490727102933, 0.0012385490727102933, 0.0012381944773494935, 3.66741562049645E-4, 3.7420566369011563E-4, 3.762428382916259E-4, 3.762428382916259E-4, 2.9069194312278737E-4, 3.1424909523585176E-4, 3.094121432127117E-4, 2.993652533787878E-4, 3.054617557252044E-4, 3.2111170381377897E-4, 3.2111170381377897E-4
